0000000000000000000000000000
0000000000000000000000000000
0000000000000000000000000000
0000000000000000000000000000
0000000000011100000000000000
0000000001111111011100000000
0000000011111111111100000000
0000000011000000111100000000
0000000111000000111100000000
0000000110000000011100000000
0000000110000000011100000000
0000001110000000011100000000
0000001110000000011100000000
0000001110000000011100000000
0000000110000000011100000000
0000000111000000011100000000
0000000111000000111100000000
0000000011100000111100000000
0000000001111111111100000000
0000000000111111011100000000
0000000000000000011100000000
0000000000000000011100000000
0000000000000000011100000000
0000000000000000011100000000
0000000000000000011100000000
0000000000000000001000000000
0000000000000000000000000000
0000000000000000000000000000
