0000000000000000000000000000
0000000000000000000000000000
0000000000000000000000000000
0000000000000000000000000000
0000000000000000000000000000
0000000000000000000000000000
0000000000011100000000000000
0000000001111111011000000000
0000000011100001111000000000
0000000011000000111000000000
0000000010000000011000000000
0000000110000000011000000000
0000000110000000011000000000
0000000110000000011000000000
0000000110000000011000000000
0000000010000000011000000000
0000000011000000111000000000
0000000011100001111000000000
0000000001110011011000000000
0000000000111110011000000000
0000000000000000011000000000
0000000000000000011000000000
0000000000000000011000000000
0000000000000000011000000000
0000000000000000000000000000
0000000000000000000000000000
0000000000000000000000000000
0000000000000000000000000000
