0000000000000000000000000000
0000000000000000000000000000
0000000000000000000000000000
0000000000000000000000000000
0000000000000000000000000000
0000000000111100000000000000
0000000001111111110000000000
0000000011110011110000000000
0000000011100001110000000000
0000000011000001110000000000
0000000011000001110000000000
0000000011000000110000000000
0000000011000000110000000000
0000000011000001110000000000
0000000011100001110000000000
0000000011100011110000000000
0000000011110111110000000000
0000000001111100110000000000
0000000000000000110000000000
0000000000000000110000000000
0000000000000000110000000000
0000000000000000110000000000
0000000000000000110000000000
0000000000000000000000000000
0000000000000000000000000000
0000000000000000000000000000
0000000000000000000000000000
0000000000000000000000000000
