0000000000000000000000000000
0000000000000000000000000000
0000000000000000000000000000
0000000000000000000000000000
0000000000000000000000000000
0000000000000000000000000000
0000000000011110010000000000
0000000000111111110000000000
0000000001100000111000000000
0000000011000000111000000000
0000000011000000111000000000
0000000011000000111000000000
0000000011000000111000000000
0000000011000000111000000000
0000000011100000111000000000
0000000001110001111000000000
0000000000111111111000000000
0000000000001000111000000000
0000000000000000111000000000
0000000000000000111000000000
0000000000000000111000000000
0000000000000000110000000000
0000000000000000010000000000
0000000000000000000000000000
0000000000000000000000000000
0000000000000000000000000000
0000000000000000000000000000
0000000000000000000000000000
