0000000000000000000000000000
0000000000000000000000000000
0000000000000000000000000000
0000000000000000000000000000
0000000000000000000000000000
0000000000000000000000000000
0000000000011111001100000000
0000000001111111101100000000
0000000011110001111100000000
0000000111100000111100000000
0000000111000000011100000000
0000000110000000011000000000
0000001110000000011000000000
0000001110000000011000000000
0000001110000000111000000000
0000001110000001111000000000
0000000111100011111000000000
0000000111111111110000000000
0000000011111100110000000000
0000000000000000110000000000
0000000000000001110000000000
0000000000000001110000000000
0000000000000001100000000000
0000000000000000000000000000
0000000000000000000000000000
0000000000000000000000000000
0000000000000000000000000000
0000000000000000000000000000
