0000000000000000000000000000
0000000000000000000000000000
0000000000000000000000000000
0000000000000000000000000000
0000000000000000000000000000
0000000000000000000000000000
0000000000011100000000000000
0000000001111111011000000000
0000000011100001111000000000
0000000011000000111000000000
0000000010000000011000000000
0000000110000000011000000000
0000000110000000011000000000
0000000110000000011000000000
0000000110000000011000000000
0000000010000000011000000000
0000000011000000111000000000
0000000011100001111000000000
0000000001111111011000000000
0000000000000000011000000000
0000000000000000010000000000
0000000000000000110000000000
0000000000000001110000000000
0000000001111111100000000000
0000000000000000000000000000
0000000000000000000000000000
0000000000000000000000000000
0000000000000000000000000000
