0000000000000000000000000000
0000000000000000000000000000
0000000000000000000000000000
0000000000000000000000000000
0000000000000000000000000000
0000000000011100000000000000
0000000000111110111000000000
0000000001111111111000000000
0000000011100001111000000000
0000000011000000111000000000
0000000111000000111000000000
0000000111000000111000000000
0000000111000000111000000000
0000000111000000111000000000
0000000111000000111000000000
0000000011000000111000000000
0000000011100001111000000000
0000000001111111111000000000
0000000000111110111000000000
0000000000011100111000000000
0000000011000000110000000000
0000000011000000110000000000
0000000011111111100000000000
0000000001111111000000000000
0000000000011110000000000000
0000000000000000000000000000
0000000000000000000000000000
0000000000000000000000000000
