0000000000000000000000000000
0000000000000000000000000000
0000000000000000000000000000
0000000000000000000000000000
0000000000000000000000000000
0000000000000000000000000000
0000000001111110011000000000
0000000011110011111000000000
0000000011100001111000000000
0000000011000000111000000000
0000000111000000111000000000
0000000110000000011000000000
0000000110000000011000000000
0000000110000000011000000000
0000000111000000111000000000
0000000011000000111000000000
0000000011100001111000000000
0000000011110011111000000000
0000000001111110011000000000
0000000000000000011000000000
0000000000000000110000000000
0000000000000001110000000000
0000000001100011110000000000
0000000001111111000000000000
0000000000000000000000000000
0000000000000000000000000000
0000000000000000000000000000
0000000000000000000000000000
