0000000000000000000000000000
0000000000000000000000000000
0000000000000000000000000000
0000000000000000000000000000
0000000000000000000000000000
0000000000000000000000000000
0000000000000000000000000000
0000000001111110110000000000
0000000001111111110000000000
0000000011100001110000000000
0000000011100001110000000000
0000000011000000110000000000
0000000011000000110000000000
0000000011000000110000000000
0000000011000000110000000000
0000000011100001110000000000
0000000011100001110000000000
0000000001111111110000000000
0000000001111110110000000000
0000000000000000110000000000
0000000000000001110000000000
0000000000000001110000000000
0000000001100111110000000000
0000000001111111100000000000
0000000000000000000000000000
0000000000000000000000000000
0000000000000000000000000000
0000000000000000000000000000
