0000000000000000000000000000
0000000000000000000000000000
0000000000000000000000000000
0000000000000000000000000000
0000000000000000000000000000
0000000000000000000000000000
0000000000000000000000000000
0000000000111111111000000000
0000000001111111110000000000
0000000011000001000000000000
0000000011000001100000000000
0000000011000001100000000000
0000000011000011000000000000
0000000001111111000000000000
0000000001111100000000000000
0000000011000000000000000000
0000000011000000000000000000
0000000001111111110000000000
0000000001111111111000000000
0000000010000000011000000000
0000000110000000011000000000
0000000111000001110000000000
0000000011111111100000000000
0000000000011100000000000000
0000000000000000000000000000
0000000000000000000000000000
0000000000000000000000000000
0000000000000000000000000000
