0000000000000000000000000000
0000000000000000000000000000
0000000000000000000000000000
0000000000000000000000000000
0000000000000000000000000000
0000000000000110000000000000
0000000000111111101110000000
0000000001111111111110000000
0000000011100000111100000000
0000000011000000011100000000
0000000111000000011100000000
0000000110000000011100000000
0000000110000000011100000000
0000000110000000011000000000
0000000111000000111000000000
0000000111000001111000000000
0000000111111111111000000000
0000000011111110111000000000
0000000000111000110000000000
0000000000000001110000000000
0000001110000011110000000000
0000001111100111100000000000
0000000111111111000000000000
0000000000111000000000000000
0000000000000000000000000000
0000000000000000000000000000
0000000000000000000000000000
0000000000000000000000000000
