0000000000000000000000000000
0000000000000000000000000000
0000000000000000000000000000
0000000000000000000000000000
0000000000000011100000000000
0000000000000111100000000000
0000000000001101100000000000
0000000000001001100000000000
0000000000011001100000000000
0000000000110001100000000000
0000000000100001100000000000
0000000001100001100000000000
0000000011000001100000000000
0000000010000001100000000000
0000000110000001100000000000
0000000110000011100000000000
0000000111111111111000000000
0000000000000011100000000000
0000000000000001100000000000
0000000000000001100000000000
0000000000000001100000000000
0000000000000000000000000000
0000000000000000000000000000
0000000000000000000000000000
0000000000000000000000000000
0000000000000000000000000000
0000000000000000000000000000
0000000000000000000000000000
