0000000000000000000000000000
0000000000000000000000000000
0000000000000000000000000000
0000000000000000110000000000
0000000000000001110000000000
0000000000000001110000000000
0000000000000011110000000000
0000000000000110110000000000
0000000000000100110000000000
0000000000001100110000000000
0000000000011000110000000000
0000000000010000110000000000
0000000000110000110000000000
0000000001100000110000000000
0000000001100000110000000000
0000000011000000110000000000
0000000110000000110000000000
0000000111111111111100000000
0000000111111111111000000000
0000000000000000110000000000
0000000000000000110000000000
0000000000000000110000000000
0000000000000000000000000000
0000000000000000000000000000
0000000000000000000000000000
0000000000000000000000000000
0000000000000000000000000000
0000000000000000000000000000
