0000000000000000000000000000
0000000000000000000000000000
0000000000000000000000000000
0000000000000000000000000000
0000000000000000000000000000
0000000000111111100000000000
0000000001110001110000000000
0000000011100000110000000000
0000000011000000011000000000
0000000011000000011000000000
0000000010000000011000000000
0000000010000000011000000000
0000000010000000011000000000
0000000011000000011000000000
0000000011000000011000000000
0000000011100000110000000000
0000000001110001110000000000
0000000000111111100000000000
0000000000000000000000000000
0000000000000000000000000000
0000000000000000000000000000
0000000000000000000000000000
0000000000000000000000000000
0000000000000000000000000000
0000000000000000000000000000
0000000000000000000000000000
0000000000000000000000000000
0000000000000000000000000000
