0000000000000000000000000000
0000000000000000000000000000
0000000000000000000000000000
0000000000000000000000000000
0000000000000000000000000000
0000000000000000000000000000
0000000000011110000000000000
0000000001111111100000000000
0000000011100000110000000000
0000000011000000110000000000
0000000111000000111000000000
0000000111000000011000000000
0000000111000000011000000000
0000000011000000110000000000
0000000011000000110000000000
0000000001100001100000000000
0000000000111111000000000000
0000000000001100000000000000
0000000000000000000000000000
0000000000000000000000000000
0000000000000000000000000000
0000000000000000000000000000
0000000000000000000000000000
0000000000000000000000000000
0000000000000000000000000000
0000000000000000000000000000
0000000000000000000000000000
0000000000000000000000000000
