0000000000000000000000000000
0000000000000000000000000000
0000000000000000000000000000
0000000000000000000000000000
0000000000000000000000000000
0000000000000000000000000000
0000000000011111110000000000
0000000000111111111000000000
0000000001110001111000000000
0000000011100000011100000000
0000000111000000011100000000
0000000111000000011100000000
0000000110000000011100000000
0000000110000000011100000000
0000000110000000111000000000
0000000111000000111000000000
0000000111100011110000000000
0000000011111111100000000000
0000000001111110000000000000
0000000000000000000000000000
0000000000000000000000000000
0000000000000000000000000000
0000000000000000000000000000
0000000000000000000000000000
0000000000000000000000000000
0000000000000000000000000000
0000000000000000000000000000
0000000000000000000000000000
