0000000000000000000000000000
0000000000000000000000000000
0000000000011100000000000000
0000000000011110000000000000
0000000000111110000000000000
0000000000110111000000000000
0000000000110011000000000000
0000000001110011000000000000
0000000001100011100000000000
0000000011100001100000000000
0000000011000001110000000000
0000000011000000110000000000
0000000111000000110000000000
0000000111111111111000000000
0000001110000000111000000000
0000001100000000011000000000
0000001100000000011100000000
0000011100000000001100000000
0000011000000000001110000000
0000000000000000000000000000
0000000000000000000000000000
0000000000000000000000000000
0000000000000000000000000000
0000000000000000000000000000
0000000000000000000000000000
0000000000000000000000000000
0000000000000000000000000000
0000000000000000000000000000
