0000000000000000000000000000
0000000000000000000000000000
0000000000000000000000000000
0000000000000000000000000000
0000000000011110000000000000
0000000000011110000000000000
0000000000111110000000000000
0000000000111110000000000000
0000000000110111000000000000
0000000001110011000000000000
0000000001110011000000000000
0000000001100011100000000000
0000000001100011100000000000
0000000011100001100000000000
0000000011111111100000000000
0000000011111111110000000000
0000000011000001110000000000
0000000111000000110000000000
0000000111000000110000000000
0000000110000000111000000000
0000000110000000111000000000
0000000000000000000000000000
0000000000000000000000000000
0000000000000000000000000000
0000000000000000000000000000
0000000000000000000000000000
0000000000000000000000000000
0000000000000000000000000000
