0000000000000000000000000000
0000000000000000000000000000
0000000000000000000000000000
0000000000000000000000000000
0000000000000000000000000000
0000000000001100000000000000
0000000000011110000000000000
0000000000011110000000000000
0000000000010010000000000000
0000000000110011000000000000
0000000000110011000000000000
0000000000110001000000000000
0000000001100001100000000000
0000000001100001100000000000
0000000001111111100000000000
0000000011111111110000000000
0000000011000000110000000000
0000000011000000110000000000
0000000110000000011000000000
0000000110000000011000000000
0000000100000000001000000000
0000000000000000000000000000
0000000000000000000000000000
0000000000000000000000000000
0000000000000000000000000000
0000000000000000000000000000
0000000000000000000000000000
0000000000000000000000000000
