0000000000000000000000000000
0000000000000000000000000000
0000000000000000000000000000
0000000000000000000000000000
0000000000000001100000000000
0000000000000011110000000000
0000000000000011110000000000
0000000000000111110000000000
0000000000000111110000000000
0000000000001110111000000000
0000000000001100111000000000
0000000000011100111000000000
0000000000111000011000000000
0000000000111000011100000000
0000000001111111111100000000
0000000001111111111100000000
0000000011111111111100000000
0000000111000000001100000000
0000000111000000001110000000
0000001110000000001110000000
0000001110000000001110000000
0000000000000000000000000000
0000000000000000000000000000
0000000000000000000000000000
0000000000000000000000000000
0000000000000000000000000000
0000000000000000000000000000
0000000000000000000000000000
