0000000000000000000000000000
0000000000000000000000000000
0000000111111111100000000000
0000000110000001110000000000
0000000110000000110000000000
0000000110000000110000000000
0000000110000000110000000000
0000000110000000110000000000
0000000110000001110000000000
0000000111111111000000000000
0000000110001111100000000000
0000000110000000110000000000
0000000110000000011000000000
0000000110000000011000000000
0000000110000000011000000000
0000000110000000011000000000
0000000110000000111000000000
0000000110000001110000000000
0000000111111111000000000000
0000000000000000000000000000
0000000000000000000000000000
0000000000000000000000000000
0000000000000000000000000000
0000000000000000000000000000
0000000000000000000000000000
0000000000000000000000000000
0000000000000000000000000000
0000000000000000000000000000
