0000000000000000000000000000
0000000000000000000000000000
0000000000000000000000000000
0000000000000000000000000000
0000000111111100000000000000
0000000111111111100000000000
0000000111000011110000000000
0000000111000001110000000000
0000000111000001110000000000
0000000111000001110000000000
0000000111000011100000000000
0000000111111111000000000000
0000000111111111100000000000
0000000111000001110000000000
0000000111000000110000000000
0000000111000000111000000000
0000000111000000111000000000
0000000111000001110000000000
0000000111000011110000000000
0000000111111111110000000000
0000000111111110000000000000
0000000000000000000000000000
0000000000000000000000000000
0000000000000000000000000000
0000000000000000000000000000
0000000000000000000000000000
0000000000000000000000000000
0000000000000000000000000000
