0000000000000000000000000000
0000000000000000000000000000
0000000000000000000000000000
0000000000000000000000000000
0000000000111111000000000000
0000000000111111110000000000
0000000000111111111000000000
0000000000110000111000000000
0000000001110000111000000000
0000000001110000111000000000
0000000001100001110000000000
0000000001111111100000000000
0000000001111111100000000000
0000000011111111110000000000
0000000011100001110000000000
0000000011100000111000000000
0000000011000000110000000000
0000000011000001110000000000
0000000111100011110000000000
0000000111111111100000000000
0000000111111110000000000000
0000000000000000000000000000
0000000000000000000000000000
0000000000000000000000000000
0000000000000000000000000000
0000000000000000000000000000
0000000000000000000000000000
0000000000000000000000000000
