0000000000000000000000000000
0000000000000000000000000000
0000000000000000000000000000
0000000000000000000000000000
0000000000000000000000000000
0000000000011110000000000000
0000000001111111100000000000
0000000011111011110000000000
0000000011000000000000000000
0000000011000000000000000000
0000000011100000000000000000
0000000001111100000000000000
0000000000111111000000000000
0000000000000111110000000000
0000000000000000110000000000
0000000000000000110000000000
0000000000000000110000000000
0000000011100001110000000000
0000000011111111100000000000
0000000000111110000000000000
0000000000000000000000000000
0000000000000000000000000000
0000000000000000000000000000
0000000000000000000000000000
0000000000000000000000000000
0000000000000000000000000000
0000000000000000000000000000
0000000000000000000000000000
