0000000000000000000000000000
0000000000000000000000000000
0000000000000000000000000000
0000000000000000000000000000
0000000000000000000000000000
0000000000111111100000000000
0000000001110011100000000000
0000000011100000110000000000
0000000011000000000000000000
0000000011100000000000000000
0000000001111000000000000000
0000000000111111100000000000
0000000000000011110000000000
0000000000000000110000000000
0000000011000000010000000000
0000000011000000110000000000
0000000001110001110000000000
0000000001111111100000000000
0000000000000000000000000000
0000000000000000000000000000
0000000000000000000000000000
0000000000000000000000000000
0000000000000000000000000000
0000000000000000000000000000
0000000000000000000000000000
0000000000000000000000000000
0000000000000000000000000000
0000000000000000000000000000
