0000000000000000000000000000
0000000000000000000000000000
0000000000000000000000000000
0000000000000000000000000000
0000000000000000000000000000
0000000000011111000000000000
0000000001111111110000000000
0000000011100000010000000000
0000000011000000000000000000
0000000011000000000000000000
0000000011100000000000000000
0000000001111100000000000000
0000000000001111100000000000
0000000000000001110000000000
0000000000000000110000000000
0000000000000000110000000000
0000000010000000110000000000
0000000011100011110000000000
0000000011111111100000000000
0000000000000000000000000000
0000000000000000000000000000
0000000000000000000000000000
0000000000000000000000000000
0000000000000000000000000000
0000000000000000000000000000
0000000000000000000000000000
0000000000000000000000000000
0000000000000000000000000000
