0000000000000000000000000000
0000000000000000000000000000
0000000000000000000000000000
0000000000000000000000000000
0000000000000000000000000000
0000000000011111100000000000
0000000001111111100000000000
0000000001110000000000000000
0000000011100000000000000000
0000000001110000000000000000
0000000001111110000000000000
0000000001111111100000000000
0000000000001111110000000000
0000000000000001110000000000
0000000000000001110000000000
0000000000000001110000000000
0000000001110011110000000000
0000000001111111100000000000
0000000000000000000000000000
0000000000000000000000000000
0000000000000000000000000000
0000000000000000000000000000
0000000000000000000000000000
0000000000000000000000000000
0000000000000000000000000000
0000000000000000000000000000
0000000000000000000000000000
0000000000000000000000000000
