0000000000000000000000000000
0000000000000000000000000000
0000000000000000000000000000
0000000011111111110000000000
0000000011111111111000000000
0000000000000000110000000000
0000000000000000110000000000
0000000000000001100000000000
0000000000000001100000000000
0000000000000011000000000000
0000000000000110000000000000
0000000000000110000000000000
0000000000001100000000000000
0000000000001100000000000000
0000000000011000000000000000
0000000000110000000000000000
0000000000110000000000000000
0000000001100000000000000000
0000000001100000000000000000
0000000011000000000000000000
0000000111111111110000000000
0000000111111111111000000000
0000000000000000000000000000
0000000000000000000000000000
0000000000000000000000000000
0000000000000000000000000000
0000000000000000000000000000
0000000000000000000000000000
