0000000000000000000000000000
0000000000000000000000000000
0000000000000000000000000000
0000000000000000000000000000
0000000000000000000000000000
0000000110000000011100000000
0000000111000000011000000000
0000000011000000110000000000
0000000001100001100000000000
0000000001110001100000000000
0000000000110011000000000000
0000000000011110000000000000
0000000000001110000000000000
0000000000001100000000000000
0000000000001100000000000000
0000000000001100000000000000
0000000000001100000000000000
0000000000001100000000000000
0000000000001100000000000000
0000000000001100000000000000
0000000000001100000000000000
0000000000000000000000000000
0000000000000000000000000000
0000000000000000000000000000
0000000000000000000000000000
0000000000000000000000000000
0000000000000000000000000000
0000000000000000000000000000
