0000000000000000000000000000
0000000000000000000000000000
0000000000000000000000000000
0000001110000000011100000000
0000000111000000111000000000
0000000011100000111000000000
0000000001100001110000000000
0000000001110011100000000000
0000000000111011100000000000
0000000000011111000000000000
0000000000011110000000000000
0000000000001110000000000000
0000000000001100000000000000
0000000000001100000000000000
0000000000001100000000000000
0000000000001100000000000000
0000000000001100000000000000
0000000000001100000000000000
0000000000001100000000000000
0000000000001100000000000000
0000000000000000000000000000
0000000000000000000000000000
0000000000000000000000000000
0000000000000000000000000000
0000000000000000000000000000
0000000000000000000000000000
0000000000000000000000000000
0000000000000000000000000000
