0000000000000000000000000000
0000000000000000000000000000
0000000000000000000000000000
0000001110000000111000000000
0000000111000000111000000000
0000000111000001110000000000
0000000011100001110000000000
0000000011100011100000000000
0000000001110011100000000000
0000000001111111000000000000
0000000000111111000000000000
0000000000111110000000000000
0000000000011110000000000000
0000000000011100000000000000
0000000000011100000000000000
0000000000011100000000000000
0000000000011100000000000000
0000000000011100000000000000
0000000000011100000000000000
0000000000011100000000000000
0000000000000000000000000000
0000000000000000000000000000
0000000000000000000000000000
0000000000000000000000000000
0000000000000000000000000000
0000000000000000000000000000
0000000000000000000000000000
0000000000000000000000000000
