0000000000000000000000000000
0000000000000000000000000000
0000000000000000000000000000
0000000000000000000000000000
0000000000000000000000000000
0000000110000000111000000000
0000000111000000110000000000
0000000111000001110000000000
0000000011000011100000000000
0000000011100011000000000000
0000000011100111000000000000
0000000001101110000000000000
0000000001111100000000000000
0000000001111100000000000000
0000000000111000000000000000
0000000000110000000000000000
0000000000110000000000000000
0000000001110000000000000000
0000000001110000000000000000
0000000001110000000000000000
0000000001100000000000000000
0000000000000000000000000000
0000000000000000000000000000
0000000000000000000000000000
0000000000000000000000000000
0000000000000000000000000000
0000000000000000000000000000
0000000000000000000000000000
