0000000000000000000000000000
0000000000000000000000000000
0000000000000000000000000000
0000000000000000000000000000
0000000111000000001100000000
0000000011000000011000000000
0000000011100000111000000000
0000000001110001110000000000
0000000000111011100000000000
0000000000011111100000000000
0000000000011111000000000000
0000000000001110000000000000
0000000000011111000000000000
0000000000011111000000000000
0000000000111011100000000000
0000000001110001110000000000
0000000011100000110000000000
0000000011000000111000000000
0000000111000000011100000000
0000000010000000001100000000
0000000000000000000000000000
0000000000000000000000000000
0000000000000000000000000000
0000000000000000000000000000
0000000000000000000000000000
0000000000000000000000000000
0000000000000000000000000000
0000000000000000000000000000
