0000000000000000000000000000
0000000000000000000000000000
0000000000000000000000000000
0000000000000000000000000000
0000000000000000000000000000
0000000000000000000000000000
0000000011110001110000000000
0000000001110011100000000000
0000000000111011100000000000
0000000000111111000000000000
0000000000011110000000000000
0000000000001110000000000000
0000000000011110000000000000
0000000000111111000000000000
0000000000111011100000000000
0000000001110011110000000000
0000000011100001110000000000
0000000111100000111000000000
0000000000000000000000000000
0000000000000000000000000000
0000000000000000000000000000
0000000000000000000000000000
0000000000000000000000000000
0000000000000000000000000000
0000000000000000000000000000
0000000000000000000000000000
0000000000000000000000000000
0000000000000000000000000000
