0000000000000000000000000000
0000000000000000000000000000
0000000000000000000000000000
0000011000000000001110000000
0000111100000000001111000000
0000111100000000011111000000
0000111110000000011111000000
0000111110000000011111000000
0000111110000000111111000000
0000111111000000110111000000
0000111011000000110111000000
0000111011100001110111000000
0000111011100001100111000000
0000111001100001100111000000
0000111001110011100111000000
0000111000110011000111000000
0000111000110011000111000000
0000111000111111000111000000
0000111000011110000111000000
0000111000011110000111000000
0000111000011110000111000000
0000010000001100000010000000
0000000000000000000000000000
0000000000000000000000000000
0000000000000000000000000000
0000000000000000000000000000
0000000000000000000000000000
0000000000000000000000000000
