0000000000000000000000000000
0000000000000000000000000000
0000000000000000000000000000
0000000000000000000000000000
0000100000001100000001000000
0001110000011110000011100000
0000110000011110000011000000
0000110000011110000011000000
0000111000111111000111000000
0000111000110011000111000000
0000011000110011000110000000
0000011000110011000110000000
0000011101110011101110000000
0000011101100001101110000000
0000001101100001101100000000
0000001111100001111100000000
0000001111100001111100000000
0000001111000000111100000000
0000000111000000111000000000
0000000010000000001000000000
0000000000000000000000000000
0000000000000000000000000000
0000000000000000000000000000
0000000000000000000000000000
0000000000000000000000000000
0000000000000000000000000000
0000000000000000000000000000
0000000000000000000000000000
