0000000000000000000000000000
0000000000000000000000000000
0000000000000000000000000000
0000000000000000000000000000
0000000000000000000000000000
0000000000000000000000000000
0000010000001100000011000000
0000010000001110000011000000
0000011000001110000010000000
0000011000011010000010000000
0000001000010010000110000000
0000001000010011000110000000
0000001100110001000100000000
0000001100110001001100000000
0000000100100001101100000000
0000000110100001101100000000
0000000111100000111000000000
0000000111000000111000000000
0000000011000000111000000000
0000000000000000000000000000
0000000000000000000000000000
0000000000000000000000000000
0000000000000000000000000000
0000000000000000000000000000
0000000000000000000000000000
0000000000000000000000000000
0000000000000000000000000000
0000000000000000000000000000
