0000000000000000000000000000
0000000000000000000000000000
0000000000000000000000000000
0000000000000000000000000000
0000000000000000000000000000
0000011000001110000011000000
0000011000001110000011000000
0000001000001110000110000000
0000001100011010000110000000
0000001100011011000110000000
0000001100010011000100000000
0000000100010011001100000000
0000000110110001001100000000
0000000110110001101000000000
0000000011100001101000000000
0000000011100001111000000000
0000000011100000111000000000
0000000011100000110000000000
0000000000000000000000000000
0000000000000000000000000000
0000000000000000000000000000
0000000000000000000000000000
0000000000000000000000000000
0000000000000000000000000000
0000000000000000000000000000
0000000000000000000000000000
0000000000000000000000000000
0000000000000000000000000000
