0000000000000000000000000000
0000000000000000000000000000
0000000000000000000000000000
0000000000000000000000000000
0000000000000000000000000000
0000000000000000000000000000
0000111000001110000011000000
0000011000011110000011000000
0000011000011010000111000000
0000011000011011000110000000
0000001100010011000110000000
0000001100110011001110000000
0000001100110001001100000000
0000001110110001101100000000
0000000110100001101100000000
0000000111100001111100000000
0000000111100000111000000000
0000000111100000111000000000
0000000011000000111000000000
0000000000000000000000000000
0000000000000000000000000000
0000000000000000000000000000
0000000000000000000000000000
0000000000000000000000000000
0000000000000000000000000000
0000000000000000000000000000
0000000000000000000000000000
0000000000000000000000000000
