0000000000000000000000000000
0000000000000000000000000000
0000000000000000000000000000
0000000000000000000000000000
0000000000000000000000000000
0000000000000000000000000000
0000001100000000011000000000
0000001100000000011000000000
0000000110000000011000000000
0000000110001100011000000000
0000000110011100110000000000
0000000110011100110000000000
0000000110010110110000000000
0000000110010110110000000000
0000000010110010110000000000
0000000011100011110000000000
0000000011100011100000000000
0000000011100011100000000000
0000000000000000000000000000
0000000000000000000000000000
0000000000000000000000000000
0000000000000000000000000000
0000000000000000000000000000
0000000000000000000000000000
0000000000000000000000000000
0000000000000000000000000000
0000000000000000000000000000
0000000000000000000000000000
