0000000000000000000000000000
0000000000000000000000000000
0000000000000000000000000000
0000000000000000000000000000
0000000000000000000000000000
0000000000000000000000000000
0000001100000000001100000000
0000001100001100001100000000
0000000110001110001000000000
0000000110011110011000000000
0000000110011110011000000000
0000000110011010011000000000
0000000011010010011000000000
0000000011010011010000000000
0000000011110011110000000000
0000000011110011110000000000
0000000011100001110000000000
0000000001100001100000000000
0000000000000000000000000000
0000000000000000000000000000
0000000000000000000000000000
0000000000000000000000000000
0000000000000000000000000000
0000000000000000000000000000
0000000000000000000000000000
0000000000000000000000000000
0000000000000000000000000000
0000000000000000000000000000
