0000000000000000000000000000
0000000000000000000000000000
0000000000000000000000000000
0000000000000000000000000000
0000000000000000000000000000
0000000000000000000000000000
0000011000001100000111000000
0000011000001100000110000000
0000011000011100001110000000
0000011100011100001100000000
0000011100111110011100000000
0000011100110110011000000000
0000001101100110111000000000
0000001101100111110000000000
0000001111000111100000000000
0000001111000111100000000000
0000001110000111000000000000
0000001110000011000000000000
0000000100000010000000000000
0000000000000000000000000000
0000000000000000000000000000
0000000000000000000000000000
0000000000000000000000000000
0000000000000000000000000000
0000000000000000000000000000
0000000000000000000000000000
0000000000000000000000000000
0000000000000000000000000000
