0000000000000000000000000000
0000000000000000000000000000
0000000000000000000000000000
0000000000000000000000000000
0000001100000000001100000000
0000001110000000011100000000
0000000110000000011000000000
0000000111000000111000000000
0000000111000000111000000000
0000000011000000110000000000
0000000011100001110000000000
0000000011100001110000000000
0000000001100001100000000000
0000000001110011100000000000
0000000001110011000000000000
0000000000110111000000000000
0000000000111111000000000000
0000000000011110000000000000
0000000000011110000000000000
0000000000000100000000000000
0000000000000000000000000000
0000000000000000000000000000
0000000000000000000000000000
0000000000000000000000000000
0000000000000000000000000000
0000000000000000000000000000
0000000000000000000000000000
0000000000000000000000000000
