0000000000000000000000000000
0000000000000000000000000000
0000000000000000000000000000
0000000000000000000000000000
0000000000000000000000000000
0000000000000000000000000000
0000000110000000011000000000
0000000110000000011000000000
0000000010000000110000000000
0000000011000000110000000000
0000000011000000100000000000
0000000001000001100000000000
0000000001100001100000000000
0000000001100001000000000000
0000000000110011000000000000
0000000000110011000000000000
0000000000010110000000000000
0000000000011110000000000000
0000000000011100000000000000
0000000000000000000000000000
0000000000000000000000000000
0000000000000000000000000000
0000000000000000000000000000
0000000000000000000000000000
0000000000000000000000000000
0000000000000000000000000000
0000000000000000000000000000
0000000000000000000000000000
