0000000000000000000000000000
0000000000000000000000000000
0000000000000000000000000000
0000000000000000000000000000
0000000000000000000000000000
0000000000000000000000000000
0000000111000000111000000000
0000000011000000111000000000
0000000011000001110000000000
0000000011100001110000000000
0000000011100011100000000000
0000000011100011000000000000
0000000001100111000000000000
0000000001100110000000000000
0000000001111110000000000000
0000000001111100000000000000
0000000000111000000000000000
0000000000111000000000000000
0000000000110000000000000000
0000000000000000000000000000
0000000000000000000000000000
0000000000000000000000000000
0000000000000000000000000000
0000000000000000000000000000
0000000000000000000000000000
0000000000000000000000000000
0000000000000000000000000000
0000000000000000000000000000
