0000000000000000000000000000
0000000000000000000000000000
0000000000000000000000000000
0000000000000000000000000000
0000000000000000000000000000
0000000000000000000000000000
0000000110000000001000000000
0000000010000000011000000000
0000000011000000011000000000
0000000001000000110000000000
0000000001100000110000000000
0000000001100000100000000000
0000000000110001100000000000
0000000000110001100000000000
0000000000010011000000000000
0000000000011011000000000000
0000000000011110000000000000
0000000000001110000000000000
0000000000001110000000000000
0000000000001100000000000000
0000000000001100000000000000
0000000000011000000000000000
0000000000111000000000000000
0000000011110000000000000000
0000000000000000000000000000
0000000000000000000000000000
0000000000000000000000000000
0000000000000000000000000000
