0000000000000000000000000000
0000000000000000000000000000
0000000000000000000000000000
0000000000000000000000000000
0000000010000000110000000000
0000000011000000110000000000
0000000011000001100000000000
0000000001000001100000000000
0000000001100001000000000000
0000000001100011000000000000
0000000000100011000000000000
0000000000110010000000000000
0000000000110110000000000000
0000000000011110000000000000
0000000000011100000000000000
0000000000011100000000000000
0000000000001100000000000000
0000000000011000000000000000
0000000000011000000000000000
0000000000110000000000000000
0000000011110000000000000000
0000000011100000000000000000
0000000000000000000000000000
0000000000000000000000000000
0000000000000000000000000000
0000000000000000000000000000
0000000000000000000000000000
0000000000000000000000000000
