0000000000000000000000000000
0000000000000000000000000000
0000000000000000000000000000
0000000000000000000000000000
0000000000000000000000000000
0000000000000000000000000000
0000000110000000011000000000
0000000011000000010000000000
0000000011000000110000000000
0000000001100000110000000000
0000000001100001100000000000
0000000000100001100000000000
0000000000110001000000000000
0000000000010011000000000000
0000000000011011000000000000
0000000000001110000000000000
0000000000001110000000000000
0000000000001100000000000000
0000000000001100000000000000
0000000000001000000000000000
0000000000011000000000000000
0000000011110000000000000000
0000000011000000000000000000
0000000000000000000000000000
0000000000000000000000000000
0000000000000000000000000000
0000000000000000000000000000
0000000000000000000000000000
