0000000000000000000000000000
0000000000000000000000000000
0000000000000000000000000000
0000000000000000000000000000
0000000000000000000000000000
0000000000000000000000000000
0000000011000000011100000000
0000000011100000111000000000
0000000011100000110000000000
0000000011100001110000000000
0000000011100011100000000000
0000000001100011100000000000
0000000001100111000000000000
0000000001100110000000000000
0000000001111110000000000000
0000000001111100000000000000
0000000000111100000000000000
0000000000111000000000000000
0000000001110000000000000000
0000000001110000000000000000
0000000011100000000000000000
0000000011000000000000000000
0000000111000000000000000000
0000000000000000000000000000
0000000000000000000000000000
0000000000000000000000000000
0000000000000000000000000000
0000000000000000000000000000
