0000000000000000000000000000
0000000000000000000000000000
0000000000000000000000000000
0000000000111111000000000000
0000000011111111110000000000
0000000111000000011100000000
0000001100000000001110000000
0000011000000000000111000000
0000011000000000000011000000
0000110000000000000011100000
0000110000000000000001100000
0000110000000000000001100000
0000110000000000000001100000
0000110000000000000001100000
0000110000000000000001100000
0000110000000000000001100000
0000110000000000000011000000
0000011000000000000011000000
0000001100000000000110000000
0000000110000000001100000000
0000000011110001111000000000
0000000001111111110000000000
0000000000001110000000000000
0000000000000000000000000000
0000000000000000000000000000
0000000000000000000000000000
0000000000000000000000000000
0000000000000000000000000000
