0000000000000000000000000000
0000000000000000000000000000
0000000000000000000000000000
0000000000000000000000000000
0000000000011111110000000000
0000000001111111111100000000
0000000111110001111100000000
0000001111000000011110000000
0000001110000000001110000000
0000011100000000000111000000
0000011100000000000111000000
0000111000000000000111000000
0000111000000000000111000000
0000111000000000000110000000
0000111000000000001110000000
0000111000000000001110000000
0000111000000000011100000000
0000011100000000111100000000
0000011110000001111000000000
0000001111111111110000000000
0000000111111111000000000000
0000000000110000000000000000
0000000000000000000000000000
0000000000000000000000000000
0000000000000000000000000000
0000000000000000000000000000
0000000000000000000000000000
0000000000000000000000000000
