0000000000000000000000000000
0000000000000000000000000000
0000000000000000000000000000
0000000000000000000000000000
0000000000001110000000000000
0000000111011111100000000000
0000000111111111110000000000
0000000111100000110000000000
0000000111000000111000000000
0000000111000000111000000000
0000000111000000011000000000
0000000111000000011000000000
0000000111000000011000000000
0000000111000000111000000000
0000000111000000111000000000
0000000111100000110000000000
0000000111111111110000000000
0000000111111111100000000000
0000000111001110000000000000
0000000111000000000000000000
0000000111000000000000000000
0000000111000000000000000000
0000000111000000000000000000
0000000010000000000000000000
0000000000000000000000000000
0000000000000000000000000000
0000000000000000000000000000
0000000000000000000000000000
