0000000000000000000000000000
0000000000000000000000000000
0000000000000000000000000000
0000000000000000000000000000
0000000000000000000000000000
0000000000000000000000000000
0000000110011111000000000000
0000000111110011100000000000
0000000111100001110000000000
0000000111000000110000000000
0000000111000000111000000000
0000000110000000011000000000
0000000110000000011000000000
0000000110000000011000000000
0000000110000000011000000000
0000000111000000110000000000
0000000111000000110000000000
0000000111100001110000000000
0000000110111111100000000000
0000000110001110000000000000
0000000110000000000000000000
0000000110000000000000000000
0000000110000000000000000000
0000000110000000000000000000
0000000000000000000000000000
0000000000000000000000000000
0000000000000000000000000000
0000000000000000000000000000
