0000000000000000000000000000
0000000000000000000000000000
0000000000000000000000000000
0000000000000000000000000000
0000000000000000000000000000
0000000000000000000000000000
0000000000001111000000000000
0000000011111111100000000000
0000000011110011110000000000
0000000011100001110000000000
0000000011100001110000000000
0000000011000000110000000000
0000000011000000110000000000
0000000011000000110000000000
0000000011100000110000000000
0000000011100001110000000000
0000000011100001110000000000
0000000011111111100000000000
0000000011011111100000000000
0000000011000000000000000000
0000000011000000000000000000
0000000011000000000000000000
0000000011000000000000000000
0000000011000000000000000000
0000000000000000000000000000
0000000000000000000000000000
0000000000000000000000000000
0000000000000000000000000000
