0000000000000000000000000000
0000000000000000000000000000
0000000000000000000000000000
0000000000000000000000000000
0000000000000000000000000000
0000000000000000000000000000
0000000010001110000000000000
0000000010110011100000000000
0000000011000001100000000000
0000000010000000110000000000
0000000010000000110000000000
0000000010000000010000000000
0000000010000000110000000000
0000000010000000110000000000
0000000010000000100000000000
0000000011100001100000000000
0000000010011111000000000000
0000000010000000000000000000
0000000010000000000000000000
0000000010000000000000000000
0000000010000000000000000000
0000000010000000000000000000
0000000000000000000000000000
0000000000000000000000000000
0000000000000000000000000000
0000000000000000000000000000
0000000000000000000000000000
0000000000000000000000000000
