0000000000000000000000000000
0000000000000000000000000000
0000000000000000000000000000
0000000000000000000000000000
0000000000000000000000000000
0000000000000000000000000000
0000000001100111111000000000
0000000001111111111100000000
0000000001111000111110000000
0000000011110000001110000000
0000000011100000001110000000
0000000011000000001110000000
0000000011000000001110000000
0000000011000000001110000000
0000000111000000011100000000
0000000111100000111100000000
0000000111110001111000000000
0000000111111111110000000000
0000000110011111000000000000
0000000110000000000000000000
0000001110000000000000000000
0000001110000000000000000000
0000001100000000000000000000
0000000000000000000000000000
0000000000000000000000000000
0000000000000000000000000000
0000000000000000000000000000
0000000000000000000000000000
