0000000000000000000000000000
0000000000000000000000000000
0000000000000000000000000000
0000000000000000000000000000
0000000000111111000000000000
0000000001110001110000000000
0000000011000000110000000000
0000000011000000011000000000
0000000010000000011000000000
0000000110000000011000000000
0000000010000000011000000000
0000000011000000011000000000
0000000011000000111000000000
0000000011100001111000000000
0000000001111111011000000000
0000000000000000011000000000
0000000000000000011000000000
0000000000000000011000000000
0000000000000000110000000000
0000000000000001110000000000
0000000001000111100000000000
0000000001111110000000000000
0000000000000000000000000000
0000000000000000000000000000
0000000000000000000000000000
0000000000000000000000000000
0000000000000000000000000000
0000000000000000000000000000
