0000000000000000000000000000
0000000000000000000000000000
0000000000000000000000000000
0000000000000000000000000000
0000000000111111000000000000
0000000001110011100000000000
0000000011100000110000000000
0000000011000000010000000000
0000000011000000011000000000
0000000010000000011000000000
0000000011000000011000000000
0000000011000000111000000000
0000000011100001111000000000
0000000001111111111000000000
0000000000011110011000000000
0000000000000000011000000000
0000000000000000011000000000
0000000000000000110000000000
0000000011000000110000000000
0000000001100001100000000000
0000000001111111100000000000
0000000000011110000000000000
0000000000000000000000000000
0000000000000000000000000000
0000000000000000000000000000
0000000000000000000000000000
0000000000000000000000000000
0000000000000000000000000000
