0000000000000000000000000000
0000000000000000000000000000
0000000000000000000000000000
0000000000000000000000000000
0000000000111111000000000000
0000000011110011100000000000
0000000011100001110000000000
0000000111000000110000000000
0000000110000000011000000000
0000000110000000011000000000
0000000110000000011000000000
0000000111000000111000000000
0000000011000000111000000000
0000000011100001111000000000
0000000001111111011000000000
0000000000011110011000000000
0000000000000000011000000000
0000000000000000111000000000
0000000000000000110000000000
0000000000000001110000000000
0000000011000111100000000000
0000000011111110000000000000
0000000000000000000000000000
0000000000000000000000000000
0000000000000000000000000000
0000000000000000000000000000
0000000000000000000000000000
0000000000000000000000000000
