0000000000000000000000000000
0000000000000000000000000000
0000000000000000000000000000
0000000000010000000000000000
0000000000010000000000000000
0000000000010000000000000000
0000000011111111110000000000
0000000000011000000000000000
0000000000010000000000000000
0000000000010000000000000000
0000000000010000000000000000
0000000000010000000000000000
0000000000010000000000000000
0000000000010000000000000000
0000000000011000000000000000
0000000000001100000000000000
0000000000001111110000000000
0000000000000000000000000000
0000000000000000000000000000
0000000000000000000000000000
0000000000000000000000000000
0000000000000000000000000000
0000000000000000000000000000
0000000000000000000000000000
0000000000000000000000000000
0000000000000000000000000000
0000000000000000000000000000
0000000000000000000000000000
