0000000000000000000000000000
0000000000000000000000000000
0000000000000000000000000000
0000000000000000000000000000
0000000011111111110000000000
0000000011111111100000000000
0000000011100000000000000000
0000000011100000000000000000
0000000011100000000000000000
0000000011100000000000000000
0000000011111111000000000000
0000000011111111100000000000
0000000000000001110000000000
0000000000000000111000000000
0000000000000000111000000000
0000000000000000011000000000
0000000000000000011000000000
0000000000000000011000000000
0000000000000000111000000000
0000000100000001110000000000
0000000111111111100000000000
0000000011111111000000000000
0000000000000000000000000000
0000000000000000000000000000
0000000000000000000000000000
0000000000000000000000000000
0000000000000000000000000000
0000000000000000000000000000
