0000000000000000000000000000
0000000000000000000000000000
0000000000000000000000000000
0000000000000000000000000000
0000000011111111100000000000
0000000011111111100000000000
0000000011000000000000000000
0000000011000000000000000000
0000000011000000000000000000
0000000011000000000000000000
0000000011111110000000000000
0000000011111111100000000000
0000000010000001110000000000
0000000000000000110000000000
0000000000000000111000000000
0000000000000000011000000000
0000000000000000011000000000
0000000000000000011000000000
0000000000000000110000000000
0000000100000001110000000000
0000000111000111100000000000
0000000111111111000000000000
0000000000000000000000000000
0000000000000000000000000000
0000000000000000000000000000
0000000000000000000000000000
0000000000000000000000000000
0000000000000000000000000000
