0000000000000000000000000000
0000000000000000000000000000
0000000001111111110000000000
0000000111000000111000000000
0000000110000000011100000000
0000001100000000001110000000
0000001100000000000110000000
0000001100000000000110000000
0000011000000000000110000000
0000011000000000000110000000
0000011000000000000010000000
0000011000000000000110000000
0000011000000000000110000000
0000001100000000000110000000
0000001100000000000110000000
0000001110000000001100000000
0000000111000000011100000000
0000000011100000111000000000
0000000001111111110000000000
0000000000000011100000000000
0000000000000001110000000000
0000000000000000111000000000
0000000000000000000000000000
0000000000000000000000000000
0000000000000000000000000000
0000000000000000000000000000
0000000000000000000000000000
0000000000000000000000000000
