0000000000000000000000000000
0000000000000000000000000000
0000000000000000000000000000
0000000000111111000000000000
0000000011111111110000000000
0000001111000000011100000000
0000011100000000001110000000
0000011000000000000110000000
0000110000000000000011000000
0000110000000000000011000000
0001100000000000000001100000
0001100000000000000001100000
0001100000000000000001100000
0001100000000000000001100000
0001100011100000000001100000
0001111111111100000001100000
0000111000011111000011000000
0000111000000011100011000000
0000011000000000111110000000
0000001110000000011100000000
0000000111100001111110000000
0000000001111111110111100000
0000000000001100000000000000
0000000000000000000000000000
0000000000000000000000000000
0000000000000000000000000000
0000000000000000000000000000
0000000000000000000000000000
