0000000000000000000000000000
0000000000000000000000000000
0000000000000000000000000000
0000000000000000000000000000
0000001111111111110000000000
0000001100000001111000000000
0000001100000000011000000000
0000001100000000011100000000
0000001100000000001100000000
0000001100000000011000000000
0000001100000000011000000000
0000001100000001110000000000
0000001111111111100000000000
0000001100000001110000000000
0000001100000000011000000000
0000001100000000011000000000
0000001100000000011000000000
0000001100000000011000000000
0000001100000000011000000000
0000001100000000011000000000
0000001100000000001100000000
0000000000000000000000000000
0000000000000000000000000000
0000000000000000000000000000
0000000000000000000000000000
0000000000000000000000000000
0000000000000000000000000000
0000000000000000000000000000
