0000000000000000000000000000
0000000000000000000000000000
0000000000000000000000000000
0000000000000000000000000000
0000000000011111110000000000
0000000001111111111100000000
0000000011111000111110000000
0000000111000000011110000000
0000001110000000001111000000
0000011100000000000111000000
0000011100000000000111000000
0000111000000000000111000000
0000111000000000000111000000
0000111000000000000111000000
0000111111111000000110000000
0000111111111110001110000000
0000111000001111011110000000
0000011100000111111100000000
0000011110000011111000000000
0000001111111111111110000000
0000000111111111011110000000
0000000000111000000110000000
0000000000000000000000000000
0000000000000000000000000000
0000000000000000000000000000
0000000000000000000000000000
0000000000000000000000000000
0000000000000000000000000000
