0000000000000000000000000000
0000000000000111100000000000
0000000000001111100000000000
0000000000011100000000000000
0000000000011100000000000000
0000000000011100000000000000
0000000001111111100000000000
0000000001111111100000000000
0000000000011100000000000000
0000000000011100000000000000
0000000000011100000000000000
0000000000011100000000000000
0000000000011100000000000000
0000000000011100000000000000
0000000000011100000000000000
0000000000011100000000000000
0000000000011100000000000000
0000000000011100000000000000
0000000000011100000000000000
0000000000001000000000000000
0000000000000000000000000000
0000000000000000000000000000
0000000000000000000000000000
0000000000000000000000000000
0000000000000000000000000000
0000000000000000000000000000
0000000000000000000000000000
0000000000000000000000000000
