0000000000000000000000000000
0000000000000000000000000000
0000000000001111111000000000
0000000000011100000000000000
0000000000011000000000000000
0000000000011000000000000000
0000000000011000000000000000
0000000011111111100000000000
0000000011111111100000000000
0000000000011000000000000000
0000000000011000000000000000
0000000000011000000000000000
0000000000011000000000000000
0000000000011000000000000000
0000000000011000000000000000
0000000000011000000000000000
0000000000011000000000000000
0000000000011000000000000000
0000000000010000000000000000
0000000000000000000000000000
0000000000000000000000000000
0000000000000000000000000000
0000000000000000000000000000
0000000000000000000000000000
0000000000000000000000000000
0000000000000000000000000000
0000000000000000000000000000
0000000000000000000000000000
