0000000000000000000000000000
0000000000000000000000000000
0000000000000000000000000000
0000000000000000000000000000
0000000100000000001100000000
0000000100000000001100000000
0000000100000000001100000000
0000000100000000001100000000
0000000100000000001100000000
0000000100000000001100000000
0000000100000000001100000000
0000000100000000001100000000
0000000100000000001100000000
0000000100000000001100000000
0000000100000000001100000000
0000000100000000001100000000
0000000100000000001100000000
0000000110000000001100000000
0000000110000000011000000000
0000000111000000111000000000
0000000011110001110000000000
0000000000111111000000000000
0000000000000000000000000000
0000000000000000000000000000
0000000000000000000000000000
0000000000000000000000000000
0000000000000000000000000000
0000000000000000000000000000
