0000000000000000000000000000
0000000000000000000000000000
0000000000000000000000000000
0000000100000000001000000000
0000000110000000011100000000
0000000110000000011100000000
0000000110000000011100000000
0000000110000000011100000000
0000000110000000011100000000
0000000110000000011100000000
0000000110000000011100000000
0000000110000000011100000000
0000000110000000011100000000
0000000110000000011100000000
0000000110000000011100000000
0000000110000000011100000000
0000000110000000011100000000
0000000110000000011000000000
0000000110000000011000000000
0000000011000000111000000000
0000000001110001110000000000
0000000000111111100000000000
0000000000001100000000000000
0000000000000000000000000000
0000000000000000000000000000
0000000000000000000000000000
0000000000000000000000000000
0000000000000000000000000000
