0000000000000000000000000000
0000000000000000000000000000
0000000000000000000000000000
0000001100000000001100000000
0000001100000000001100000000
0000001100000000001100000000
0000001100000000001100000000
0000001100000000001100000000
0000001100000000001100000000
0000001100000000001100000000
0000001100000000001100000000
0000001100000000001100000000
0000001100000000001100000000
0000001100000000001100000000
0000001100000000001100000000
0000001110000000011100000000
0000000110000000011000000000
0000000111000000111000000000
0000000111100001111000000000
0000000001111111100000000000
0000000000000000000000000000
0000000000000000000000000000
0000000000000000000000000000
0000000000000000000000000000
0000000000000000000000000000
0000000000000000000000000000
0000000000000000000000000000
0000000000000000000000000000
