0000000000000000000000000000
0000000000000000000000000000
0000000000000000000000000000
0000000111000000110000000000
0000000111000000110000000000
0000000111000000110000000000
0000000111000000110000000000
0000000111000000110000000000
0000000111000000110000000000
0000000111000000110000000000
0000000111000000110000000000
0000000111000000110000000000
0000000111000000110000000000
0000000111000000110000000000
0000000111000000110000000000
0000000111000001110000000000
0000000111000001110000000000
0000000011110011110000000000
0000000011111111100000000000
0000000001111111000000000000
0000000000000000000000000000
0000000000000000000000000000
0000000000000000000000000000
0000000000000000000000000000
0000000000000000000000000000
0000000000000000000000000000
0000000000000000000000000000
0000000000000000000000000000
