0000000000000000000000000000
0000000000000000000000000000
0000000000000000000000000000
0000000010000000010000000000
0000000011000000110000000000
0000000011000000110000000000
0000000011000000110000000000
0000000011000000110000000000
0000000011000000110000000000
0000000011000000110000000000
0000000011000000110000000000
0000000011000000110000000000
0000000011000000110000000000
0000000011000000110000000000
0000000011000000110000000000
0000000011000000110000000000
0000000001110011100000000000
0000000000111111000000000000
0000000000001100000000000000
0000000000000000000000000000
0000000000000000000000000000
0000000000000000000000000000
0000000000000000000000000000
0000000000000000000000000000
0000000000000000000000000000
0000000000000000000000000000
0000000000000000000000000000
0000000000000000000000000000
