0000000000000000000000000000
0000000000000000000000000000
0000000000000000000000000000
0000000000000000000000000000
0000000001100000011100000000
0000000011100000011000000000
0000000011100000011000000000
0000000011100000011000000000
0000000011000000111000000000
0000000011000000111000000000
0000000111000000111000000000
0000000111000000110000000000
0000000111000000110000000000
0000000110000001110000000000
0000000110000001110000000000
0000000110000001110000000000
0000001110000001100000000000
0000001110000011100000000000
0000000111000111100000000000
0000000111111111000000000000
0000000111111110000000000000
0000000000110000000000000000
0000000000000000000000000000
0000000000000000000000000000
0000000000000000000000000000
0000000000000000000000000000
0000000000000000000000000000
0000000000000000000000000000
