0000000000000000000000000000
0000000000000000000000000000
0000000000000000001100000000
0000000000000000001100000000
0000000000000000001100000000
0000000000001100001100000000
0000000001111111111100000000
0000000011111111111100000000
0000000111100001111000000000
0000000111000000111000000000
0000001110000000011000000000
0000001100000000011000000000
0000001100000000111000000000
0000001100000000110000000000
0000001110000001110000000000
0000001111000011110000000000
0000001111111111110000000000
0000000111111110110000000000
0000000001110000000000000000
0000000000000000000000000000
0000000000000000000000000000
0000000000000000000000000000
0000000000000000000000000000
0000000000000000000000000000
0000000000000000000000000000
0000000000000000000000000000
0000000000000000000000000000
0000000000000000000000000000
