0000000000000000000000000000
0000000000000000000000000000
0000000000000000000000000000
0000000000000000000000000000
0000000000000000000000000000
0011000000011100000000110000
0011000000011110000000100000
0001000000010010000001100000
0001100000010010000001100000
0001100000110010000001100000
0001100000110011000001000000
0000100000100011000011000000
0000110000100001000011000000
0000110001100001000011000000
0000110001100001100010000000
0000010001000001100110000000
0000011001000000100110000000
0000011011000000100110000000
0000011011000000110100000000
0000001110000000111100000000
0000001110000000011100000000
0000000010000000011000000000
0000000000000000000000000000
0000000000000000000000000000
0000000000000000000000000000
0000000000000000000000000000
0000000000000000000000000000
0000000000000000000000000000
