0000000000000000000000000000
0000000000000000000000000000
0000000000000000000000000000
0010000000001100000000010000
0111000000001100000000111000
0011000000001100000000110000
0011000000011110000000110000
0011000000011110000000110000
0001100000011110000001100000
0001100000110011000001100000
0001100000110011000001100000
0001100000110011000001100000
0000110000110011000011000000
0000110001100001100011000000
0000110001100001100011000000
0000011001100001100110000000
0000011011000000110110000000
0000011011000000110110000000
0000011011000000110110000000
0000001111000000111100000000
0000001110000000011100000000
0000001110000000011100000000
0000000000000000000000000000
0000000000000000000000000000
0000000000000000000000000000
0000000000000000000000000000
0000000000000000000000000000
0000000000000000000000000000
