0000000000000000000000000000
0000000000000000000000000000
0000000000000000000000000000
0000001100000000011000000000
0000001100000000011000000000
0000001100000000011000000000
0000001110000000011000000000
0000000110000000011000000000
0000000110011100011000000000
0000000110011100011000000000
0000000110011100011000000000
0000000110011110110000000000
0000000110010110110000000000
0000000110010010110000000000
0000000110110010110000000000
0000000011100011110000000000
0000000011100011110000000000
0000000011100011110000000000
0000000011100001110000000000
0000000011100001110000000000
0000000000000000000000000000
0000000000000000000000000000
0000000000000000000000000000
0000000000000000000000000000
0000000000000000000000000000
0000000000000000000000000000
0000000000000000000000000000
0000000000000000000000000000
