0000000000000000000000000000
0000000000000000000000000000
0000000000000000000000000000
0000000100000000001000000000
0000001110000000001100000000
0000000110000000011100000000
0000000110000000011000000000
0000000110001100011000000000
0000000110001100011000000000
0000000110011110011000000000
0000000110011110011000000000
0000000110011110011000000000
0000000011010011011000000000
0000000011110011010000000000
0000000011110011110000000000
0000000011110011110000000000
0000000011100001110000000000
0000000011100001110000000000
0000000001100000100000000000
0000000000000000000000000000
0000000000000000000000000000
0000000000000000000000000000
0000000000000000000000000000
0000000000000000000000000000
0000000000000000000000000000
0000000000000000000000000000
0000000000000000000000000000
0000000000000000000000000000
