0000000000000000000000000000
0000000000000000000000000000
0000000000000000000000000000
0000000000000000000000000000
0001110000001100000001100000
0001110000001100000011100000
0000110000011100000011000000
0000110000011100000111000000
0000110000011100000110000000
0000110000111100001110000000
0000110000110110001100000000
0000110001100110001100000000
0000110001100110011100000000
0000110011000110011000000000
0000110011000110111000000000
0000111011000110110000000000
0000011110000111110000000000
0000011110000111100000000000
0000011100000111100000000000
0000011100000111000000000000
0000011000000111000000000000
0000000000000000000000000000
0000000000000000000000000000
0000000000000000000000000000
0000000000000000000000000000
0000000000000000000000000000
0000000000000000000000000000
0000000000000000000000000000
