0000000000000000000000000000
0000000000000000000000000000
0000000000000000000000000000
0000000000000000000000000000
0000000011111111110000000000
0000000011111111110000000000
0000000011111111110000000000
0000000011000000000000000000
0000000011000000000000000000
0000000011000000000000000000
0000000011100000000000000000
0000000011111111100000000000
0000000011111111100000000000
0000000011100000000000000000
0000000011000000000000000000
0000000011000000000000000000
0000000011000000000000000000
0000000011000000000000000000
0000000011000000000000000000
0000000011000000000000000000
0000000011000000000000000000
0000000000000000000000000000
0000000000000000000000000000
0000000000000000000000000000
0000000000000000000000000000
0000000000000000000000000000
0000000000000000000000000000
0000000000000000000000000000
