0000000000000000000000000000
0000000000000000000000000000
0000000000000000000000000000
0000000000000000000000000000
0000000000000000000000000000
0000000001111111100000000000
0000000011111111100000000000
0000000011000000000000000000
0000000011000000000000000000
0000000011000000000000000000
0000000011000000000000000000
0000000011000000000000000000
0000000011111111100000000000
0000000011111111000000000000
0000000011000000000000000000
0000000011000000000000000000
0000000011000000000000000000
0000000011000000000000000000
0000000011000000000000000000
0000000011000000000000000000
0000000001000000000000000000
0000000000000000000000000000
0000000000000000000000000000
0000000000000000000000000000
0000000000000000000000000000
0000000000000000000000000000
0000000000000000000000000000
0000000000000000000000000000
