0000000000000000000000000000
0000000000000000000000000000
0000000110000000001100000000
0000000110000000001100000000
0000000110000000001100000000
0000000110000000001100000000
0000000110000000001100000000
0000000110000000001100000000
0000000110000000001100000000
0000000111111111111100000000
0000000110000000001100000000
0000000110000000001100000000
0000000110000000001100000000
0000000110000000001100000000
0000000110000000001100000000
0000000110000000001100000000
0000000110000000001100000000
0000000110000000001100000000
0000000110000000001100000000
0000000000000000000000000000
0000000000000000000000000000
0000000000000000000000000000
0000000000000000000000000000
0000000000000000000000000000
0000000000000000000000000000
0000000000000000000000000000
0000000000000000000000000000
0000000000000000000000000000
