0000000000000000000000000000
0000000000000000000000000000
0000000000000000000000000000
0000000000000000000000000000
0000001100000000001100000000
0000001100000000001100000000
0000001100000000001100000000
0000001100000000001100000000
0000001100000000001100000000
0000001100000000001100000000
0000001100000000001100000000
0000001110000000001100000000
0000001111111111111100000000
0000001110000000001100000000
0000001100000000001100000000
0000001100000000001100000000
0000001100000000001100000000
0000001100000000001100000000
0000001100000000001100000000
0000001100000000001100000000
0000001100000000001100000000
0000000000000000000000000000
0000000000000000000000000000
0000000000000000000000000000
0000000000000000000000000000
0000000000000000000000000000
0000000000000000000000000000
0000000000000000000000000000
