0000000000000000000000000000
0000000000000000000000000000
0000000000000000000000000000
0000000000000000000000000000
0000000011000001110000000000
0000000011000001110000000000
0000000011000001110000000000
0000000011000001110000000000
0000000011000001110000000000
0000000011000001110000000000
0000000011100001110000000000
0000000011111111110000000000
0000000011111111110000000000
0000000011100001110000000000
0000000011000001110000000000
0000000011000001110000000000
0000000011000001110000000000
0000000011000001110000000000
0000000011000001110000000000
0000000011000001110000000000
0000000011000001110000000000
0000000000000000000000000000
0000000000000000000000000000
0000000000000000000000000000
0000000000000000000000000000
0000000000000000000000000000
0000000000000000000000000000
0000000000000000000000000000
