0000000000000000000000000000
0000000000000000000000000000
0000000000000000000000000000
0000000000000000000000000000
0000000001100000001110000000
0000000011100000001100000000
0000000011100000001100000000
0000000011100000011100000000
0000000011000000011100000000
0000000011000000011100000000
0000000111000000011000000000
0000000111111111111000000000
0000000111111111111000000000
0000000111111111111000000000
0000000110000000111000000000
0000000110000000110000000000
0000001110000000110000000000
0000001110000000110000000000
0000001110000001110000000000
0000001100000001110000000000
0000001100000001110000000000
0000000000000000000000000000
0000000000000000000000000000
0000000000000000000000000000
0000000000000000000000000000
0000000000000000000000000000
0000000000000000000000000000
0000000000000000000000000000
