0000000000000000000000000000
0000000000000000000000000000
0000000111111111000000000000
0000000110000011100000000000
0000000110000001110000000000
0000000110000000110000000000
0000000110000000110000000000
0000000110000000110000000000
0000000110000001110000000000
0000000110000011100000000000
0000000111111111000000000000
0000000110011111000000000000
0000000110000011100000000000
0000000110000001100000000000
0000000110000000110000000000
0000000110000000110000000000
0000000110000000011000000000
0000000110000000011000000000
0000000110000000001100000000
0000000000000000000000000000
0000000000000000000000000000
0000000000000000000000000000
0000000000000000000000000000
0000000000000000000000000000
0000000000000000000000000000
0000000000000000000000000000
0000000000000000000000000000
0000000000000000000000000000
