0000000000000000000000000000
0000000000000000000000000000
0000000000000000000000000000
0000000111111100000000000000
0000000111111111100000000000
0000000110000011110000000000
0000000110000000011000000000
0000000110000000011000000000
0000000110000000011000000000
0000000110000000011100000000
0000000110000000011000000000
0000000110000000011000000000
0000000110000000111000000000
0000000110011111110000000000
0000000110011111000000000000
0000000110001100000000000000
0000000110000110000000000000
0000000110000011000000000000
0000000110000011000000000000
0000000110000001100000000000
0000000110000000110000000000
0000000110000000011000000000
0000000000000000000000000000
0000000000000000000000000000
0000000000000000000000000000
0000000000000000000000000000
0000000000000000000000000000
0000000000000000000000000000
