0000000000000000000000000000
0000000000000000000000000000
0000000000000000000000000000
0000000000000000000000000000
0000000011111111110000000000
0000000011100000111000000000
0000000110000000011000000000
0000000110000000001100000000
0000000110000000000000000000
0000000111000000000000000000
0000000111100000000000000000
0000000011111100000000000000
0000000000011111110000000000
0000000000000001111000000000
0000000000000000011100000000
0000000000000000001100000000
0000001100000000001100000000
0000000110000000001100000000
0000000110000000001100000000
0000000111100000011000000000
0000000011111111111000000000
0000000000011111000000000000
0000000000000000000000000000
0000000000000000000000000000
0000000000000000000000000000
0000000000000000000000000000
0000000000000000000000000000
0000000000000000000000000000
