0000000000000000000000000000
0000000000000000000000000000
0000000000000000000000000000
0000001111111111000000000000
0000001100000011100000000000
0000001100000001110000000000
0000001100000000110000000000
0000001100000000110000000000
0000001100000000110000000000
0000001100000001100000000000
0000001100000011100000000000
0000001111111111000000000000
0000001110011111000000000000
0000001100000011100000000000
0000001100000001100000000000
0000001100000001110000000000
0000001100000000110000000000
0000001100000000111000000000
0000001100000000011000000000
0000001100000000011100000000
0000000000000000000000000000
0000000000000000000000000000
0000000000000000000000000000
0000000000000000000000000000
0000000000000000000000000000
0000000000000000000000000000
0000000000000000000000000000
0000000000000000000000000000
