0000000000000000000000000000
0000000000000000000000000000
0000000000000000000000000000
0000000000000000000000000000
0000000000111111000000000000
0000000001111111111000000000
0000000001111111111000000000
0000000001110000111000000000
0000000001100000011100000000
0000000001100000011000000000
0000000011100000011000000000
0000000011100000111000000000
0000000011100011110000000000
0000000011111111100000000000
0000000011111110000000000000
0000000011011100000000000000
0000000111001110000000000000
0000000111001110000000000000
0000000111000111000000000000
0000000110000111000000000000
0000000110000011100000000000
0000000000000000000000000000
0000000000000000000000000000
0000000000000000000000000000
0000000000000000000000000000
0000000000000000000000000000
0000000000000000000000000000
0000000000000000000000000000
