0000000000000000000000000000
0000000000000000000000000000
0000000000000000000000000000
0000000000000000000000000000
0000001111111111111100000000
0000000010011110001000000000
0000000000001100000000000000
0000000000001100000000000000
0000000000001100000000000000
0000000000001100000000000000
0000000000001100000000000000
0000000000001100000000000000
0000000000001100000000000000
0000000000001100000000000000
0000000000001100000000000000
0000000000001100000000000000
0000000000001100000000000000
0000000000001100000000000000
0000000000001100000000000000
0000000000001100000000000000
0000000000001100000000000000
0000000000000100000000000000
0000000000000000000000000000
0000000000000000000000000000
0000000000000000000000000000
0000000000000000000000000000
0000000000000000000000000000
0000000000000000000000000000
