0000000000000000000000000000
0000000000000000000000000000
0000000000000000000000000000
0000000000000000000000000000
0000001100000000001100000000
0000001100000000001100000000
0000001100000000001100000000
0000001100000000001100000000
0000001100000000001100000000
0000001100000000001100000000
0000001100000000001100000000
0000001100000000001100000000
0000001100000000001100000000
0000001100000000001100000000
0000001100000000001100000000
0000001100000000001100000000
0000001100000000001100000000
0000001100000000001100000000
0000000110000000011000000000
0000000111000000111000000000
0000000011111111110000000000
0000000000011111000000000000
0000000000000000000000000000
0000000000000000000000000000
0000000000000000000000000000
0000000000000000000000000000
0000000000000000000000000000
0000000000000000000000000000
