0000000000000000000000000000
0000000000000011000000000000
0000000000000111100000000000
0000000000000111100000000000
0000000000000011000000000000
0000000000000000000000000000
0000000000000000000000000000
0000000000111111100000000000
0000000000111111100000000000
0000000000000111100000000000
0000000000000111100000000000
0000000000000111100000000000
0000000000000111100000000000
0000000000000111100000000000
0000000000000111100000000000
0000000000000111100000000000
0000000000000111100000000000
0000000000000111100000000000
0000000000000111100000000000
0000000000000111100000000000
0000000000000111100000000000
0000000000000111100000000000
0000000001111111000000000000
0000000001111111000000000000
0000000001111100000000000000
0000000000000000000000000000
0000000000000000000000000000
0000000000000000000000000000
