0000000000000000000000000000
0000000000000000000000000000
0000000000000000000000000000
0000000000000000000000000000
0000000000000000000000000000
0000000000000000000000000000
0000000000011101100000000000
0000000000011111000000000000
0000000000011111000000000000
0000000000011100000000000000
0000000000011000000000000000
0000000000011000000000000000
0000000000111000000000000000
0000000000111000000000000000
0000000000110000000000000000
0000000000110000000000000000
0000000000110000000000000000
0000000001110000000000000000
0000000001110000000000000000
0000000000000000000000000000
0000000000000000000000000000
0000000000000000000000000000
0000000000000000000000000000
0000000000000000000000000000
0000000000000000000000000000
0000000000000000000000000000
0000000000000000000000000000
0000000000000000000000000000
