0000000000000000000000000000
0000000000000000000000000000
0000000000000000000000000000
0000000000000000000000000000
0000000001111111100000000000
0000000011000001110000000000
0000000000000000110000000000
0000000000000000011000000000
0000000000000000011000000000
0000000000000000110000000000
0000000000000001110000000000
0000000000011111000000000000
0000000000000111100000000000
0000000000000000110000000000
0000000000000000011000000000
0000000000000000011000000000
0000000000000000011000000000
0000000000000000011000000000
0000000000000000011000000000
0000000000000000110000000000
0000000011000011110000000000
0000000001111111000000000000
0000000000000000000000000000
0000000000000000000000000000
0000000000000000000000000000
0000000000000000000000000000
0000000000000000000000000000
0000000000000000000000000000
