0000000000000000000000000000
0000000000000000000000000000
0000000000000000000000000000
0000000000000000000000000000
0000000000111111100000000000
0000000001110001110000000000
0000000011100000110000000000
0000000011000000110000000000
0000000011000000010000000000
0000000000000000110000000000
0000000000000000110000000000
0000000000000111100000000000
0000000000001111100000000000
0000000000000001110000000000
0000000000000000111000000000
0000000000000000011000000000
0000000010000000011000000000
0000000010000000011000000000
0000000011000000111000000000
0000000011100001110000000000
0000000001111111100000000000
0000000000011110000000000000
0000000000000000000000000000
0000000000000000000000000000
0000000000000000000000000000
0000000000000000000000000000
0000000000000000000000000000
0000000000000000000000000000
