0000000000000000000000000000
0000000000000000000000000000
0000000000000000000000000000
0000000000000000000000000000
0000000000011111110000000000
0000000001110000000000000000
0000000001100000000000000000
0000000011000000000000000000
0000000011000000000000000000
0000000110000000000000000000
0000000110001110000000000000
0000000110111111100000000000
0000000111100000110000000000
0000000111000000111000000000
0000000111000000011000000000
0000000110000000011000000000
0000000110000000011000000000
0000000010000000011000000000
0000000011000000011000000000
0000000011100000110000000000
0000000001110011110000000000
0000000000011111000000000000
0000000000000000000000000000
0000000000000000000000000000
0000000000000000000000000000
0000000000000000000000000000
0000000000000000000000000000
0000000000000000000000000000
