0000000000000000000000000000
0000000000000000000000000000
0000000000000000000000000000
0000000000000000000000000000
0000000000111111000000000000
0000000001110011100000000000
0000000001100000110000000000
0000000011000000110000000000
0000000011000000000000000000
0000000010000000000000000000
0000000110000000000000000000
0000000110111111000000000000
0000000111110011110000000000
0000000111000000110000000000
0000000111000000110000000000
0000000110000000011000000000
0000000110000000011000000000
0000000010000000010000000000
0000000011000000110000000000
0000000011100001110000000000
0000000001111111100000000000
0000000000011110000000000000
0000000000000000000000000000
0000000000000000000000000000
0000000000000000000000000000
0000000000000000000000000000
0000000000000000000000000000
0000000000000000000000000000
