0000000000000000000000000000
0000000000000000000000000000
0000000000000000000000000000
0000000000000000000000000000
0000000000011111110000000000
0000000000111000010000000000
0000000001110000000000000000
0000000011100000000000000000
0000000011000000000000000000
0000000011000000000000000000
0000000110001111000000000000
0000000110111111110000000000
0000000111110001110000000000
0000000111100000111000000000
0000000111000000011000000000
0000000111000000011000000000
0000000111000000011000000000
0000000011000000011000000000
0000000011000000011000000000
0000000011100000111000000000
0000000001110001110000000000
0000000000111111100000000000
0000000000000000000000000000
0000000000000000000000000000
0000000000000000000000000000
0000000000000000000000000000
0000000000000000000000000000
0000000000000000000000000000
