0000000000000000000000000000
0000000000000000000000000000
0000000111000000001100000000
0000000111100000001100000000
0000000111100000001100000000
0000000100110000001100000000
0000000100110000001100000000
0000000100011000001100000000
0000000100011000001100000000
0000000100001100001100000000
0000000100001100001100000000
0000000100000110001100000000
0000000100000110001100000000
0000000100000011001100000000
0000000100000001101100000000
0000000100000001101100000000
0000000100000000111100000000
0000000100000000111100000000
0000000100000000011100000000
0000000000000000000000000000
0000000000000000000000000000
0000000000000000000000000000
0000000000000000000000000000
0000000000000000000000000000
0000000000000000000000000000
0000000000000000000000000000
0000000000000000000000000000
0000000000000000000000000000
