0000000000000000000000000000
0000000000000000000000000000
0000000000000000000000000000
0000000000000000000000000000
0000001100000000000100000000
0000001110000000000100000000
0000001011000000000100000000
0000001001000000000100000000
0000001001100000000100000000
0000001000110000000100000000
0000001000010000000100000000
0000001000011000000100000000
0000001000001100000100000000
0000001000000100000100000000
0000001000000110000100000000
0000001000000011000100000000
0000001000000001000100000000
0000001000000001100100000000
0000001000000000111100000000
0000001000000000011100000000
0000001000000000011100000000
0000001000000000001100000000
0000000000000000000000000000
0000000000000000000000000000
0000000000000000000000000000
0000000000000000000000000000
0000000000000000000000000000
0000000000000000000000000000
