0000000000000000000000000000
0000000000000000000000000000
0000000000000000000000000000
0000001111000000001100000000
0000001111100000001100000000
0000001111100000001100000000
0000001101110000001100000000
0000001100110000001100000000
0000001100111000001100000000
0000001100011000001100000000
0000001100011100001100000000
0000001100001100001100000000
0000001100001110001100000000
0000001100000111001100000000
0000001100000111001100000000
0000001100000011101100000000
0000001100000001111100000000
0000001100000001111100000000
0000001100000000111100000000
0000001100000000111100000000
0000000000000000000000000000
0000000000000000000000000000
0000000000000000000000000000
0000000000000000000000000000
0000000000000000000000000000
0000000000000000000000000000
0000000000000000000000000000
0000000000000000000000000000
