0000000000000000000000000000
0000000000000000000000000000
0000000000000000000000000000
0000000000000000000000000000
0000000011100000111000000000
0000000011100000111000000000
0000000011110000111000000000
0000000011110000111000000000
0000000011111000111000000000
0000000011011000111000000000
0000000011011000111000000000
0000000011001100111000000000
0000000011001100111000000000
0000000011000110111000000000
0000000011000110111000000000
0000000011000110111000000000
0000000011000011111000000000
0000000011000011111000000000
0000000011000001111000000000
0000000011000001111000000000
0000000011000001111000000000
0000000000000000000000000000
0000000000000000000000000000
0000000000000000000000000000
0000000000000000000000000000
0000000000000000000000000000
0000000000000000000000000000
0000000000000000000000000000
