0000000000000000000000000000
0000000000000000000000000000
0000000000000000000000000000
0000000011000000010000000000
0000000011100000110000000000
0000000011100000110000000000
0000000011110000110000000000
0000000011010000110000000000
0000000011011000110000000000
0000000011011000110000000000
0000000011001100110000000000
0000000011001100110000000000
0000000011000110110000000000
0000000011000010110000000000
0000000011000011110000000000
0000000011000001110000000000
0000000011000001110000000000
0000000011000000110000000000
0000000010000000110000000000
0000000000000000000000000000
0000000000000000000000000000
0000000000000000000000000000
0000000000000000000000000000
0000000000000000000000000000
0000000000000000000000000000
0000000000000000000000000000
0000000000000000000000000000
0000000000000000000000000000
