0000000000000000000000000000
0000000000000000000000000000
0000000000000000000000000000
0000000000000000000000000000
0000000011100000000110000000
0000000011110000000110000000
0000000011110000000110000000
0000000011110000001110000000
0000000111111000001110000000
0000000111011000001110000000
0000000110011100001100000000
0000000110001100001100000000
0000000110001100011100000000
0000001110001110011100000000
0000001110000110011100000000
0000001110000111011000000000
0000001100000111111000000000
0000001100000011111000000000
0000011100000011111000000000
0000011100000001111000000000
0000011100000001111000000000
0000000000000000000000000000
0000000000000000000000000000
0000000000000000000000000000
0000000000000000000000000000
0000000000000000000000000000
0000000000000000000000000000
0000000000000000000000000000
