0000000000000000000000000000
0000000000000000000000000000
0000000000000000000000000000
0000001111110000000000000000
0000011111111111000000000000
0000011000000111100000000000
0000011000000000111000000000
0000011000000000011000000000
0000011000000000001100000000
0000011000000000001110000000
0000011000000000000110000000
0000011000000000000110000000
0000011000000000000110000000
0000011000000000000110000000
0000011000000000000110000000
0000011000000000000110000000
0000011000000000001100000000
0000011000000000001100000000
0000011000000000011000000000
0000011000000001110000000000
0000011111111111100000000000
0000011111111110000000000000
0000000000000000000000000000
0000000000000000000000000000
0000000000000000000000000000
0000000000000000000000000000
0000000000000000000000000000
0000000000000000000000000000
