0000000000000000000000000000
0000000000000000000000000000
0000000000000000000000000000
0000000000000000000000000000
0000001111111111100000000000
0000001110000011110000000000
0000001100000000111000000000
0000001100000000011100000000
0000001100000000001100000000
0000001100000000001100000000
0000001100000000001100000000
0000001100000000000100000000
0000001100000000000100000000
0000001100000000000100000000
0000001100000000001100000000
0000001100000000001100000000
0000001100000000001100000000
0000001100000000011100000000
0000001100000000111000000000
0000001110000011110000000000
0000001111111111100000000000
0000000000000000000000000000
0000000000000000000000000000
0000000000000000000000000000
0000000000000000000000000000
0000000000000000000000000000
0000000000000000000000000000
0000000000000000000000000000
