0000000000000000000000000000
0000000000000000000000000000
0000000000000000000000000000
0000000000000000000000000000
0000000011111000000000000000
0000000011111111000000000000
0000000011111111100000000000
0000000011000011110000000000
0000000011000001110000000000
0000000011000001110000000000
0000000011000001110000000000
0000000011000000110000000000
0000000011000000110000000000
0000000011000000110000000000
0000000011000001110000000000
0000000011000001110000000000
0000000011000001110000000000
0000000011000011110000000000
0000000011111111100000000000
0000000011111111000000000000
0000000011111000000000000000
0000000000000000000000000000
0000000000000000000000000000
0000000000000000000000000000
0000000000000000000000000000
0000000000000000000000000000
0000000000000000000000000000
0000000000000000000000000000
