0000000000000000000000000000
0000000000000000000000000000
0000000000000000000000000000
0000000000000000000000000000
0000000001111100000000000000
0000000011111111110000000000
0000000011111111111000000000
0000000011100001111100000000
0000000011000000011100000000
0000000011000000011100000000
0000000111000000001100000000
0000000111000000001100000000
0000000111000000001100000000
0000000110000000011100000000
0000000110000000011100000000
0000000110000000111000000000
0000001110000000111000000000
0000001110000011110000000000
0000001110001111100000000000
0000001111111111000000000000
0000001111111100000000000000
0000000000000000000000000000
0000000000000000000000000000
0000000000000000000000000000
0000000000000000000000000000
0000000000000000000000000000
0000000000000000000000000000
0000000000000000000000000000
