0000000000000000000000000000
0000000010000000000000000000
0000000010000000000000000000
0000000010000000000000000000
0000000010000000000000000000
0000000010000000000000000000
0000000010111111100000000000
0000000011110011110000000000
0000000011100000110000000000
0000000011000000110000000000
0000000010000000011000000000
0000000010000000011000000000
0000000010000000011000000000
0000000010000000011000000000
0000000010000000011000000000
0000000011000000110000000000
0000000011100000110000000000
0000000011110011100000000000
0000000010111111000000000000
0000000000000000000000000000
0000000000000000000000000000
0000000000000000000000000000
0000000000000000000000000000
0000000000000000000000000000
0000000000000000000000000000
0000000000000000000000000000
0000000000000000000000000000
0000000000000000000000000000
