0000000000000000000000000000
0000000000000000000000000000
0000000001100000000000000000
0000000001100000000000000000
0000000001100000000000000000
0000000001100011100000000000
0000000011101111111000000000
0000000011111111111100000000
0000000011110000011100000000
0000000011100000011100000000
0000000011000000001100000000
0000000111000000001100000000
0000000110000000001100000000
0000000111000000011100000000
0000000111000000011100000000
0000000111100000111000000000
0000001111111111110000000000
0000001100111111100000000000
0000000000001100000000000000
0000000000000000000000000000
0000000000000000000000000000
0000000000000000000000000000
0000000000000000000000000000
0000000000000000000000000000
0000000000000000000000000000
0000000000000000000000000000
0000000000000000000000000000
0000000000000000000000000000
