0000000000000000000000000000
0000000000000000000000000000
0000000000000000000000000000
0000000000000000000000000000
0000000001111111100000000000
0000000111000001110000000000
0000000110000000000000000000
0000000110000000000000000000
0000000100000000000000000000
0000000110000000000000000000
0000000110000000000000000000
0000000111100000000000000000
0000000011111110000000000000
0000000000001111100000000000
0000000000000001110000000000
0000000000000000110000000000
0000000000000000011000000000
0000000000000000011000000000
0000000000000000110000000000
0000000000000001110000000000
0000000111000011110000000000
0000000011111111000000000000
0000000000000000000000000000
0000000000000000000000000000
0000000000000000000000000000
0000000000000000000000000000
0000000000000000000000000000
0000000000000000000000000000
