0000000000000000000000000000
0000000000000000000000000000
0000000000000000000000000000
0000000000011111000000000000
0000000000111111100000000000
0000000001100001110000000000
0000000011000000110000000000
0000000011000000110000000000
0000000011000000000000000000
0000000011000000000000000000
0000000001100000000000000000
0000000000111100000000000000
0000000000011111000000000000
0000000000000011110000000000
0000000000000000110000000000
0000000000000000011000000000
0000000000000000011000000000
0000000011000000011000000000
0000000011000000011000000000
0000000011000000110000000000
0000000001110001110000000000
0000000000111111100000000000
0000000000001100000000000000
0000000000000000000000000000
0000000000000000000000000000
0000000000000000000000000000
0000000000000000000000000000
0000000000000000000000000000
