0000000000000000000000000000
0000000000000000000000000000
0000000001111111110000000000
0000000011111111111000000000
0000000111000000111000000000
0000000110000000000000000000
0000001110000000000000000000
0000001110000000000000000000
0000001111000000000000000000
0000000111110000000000000000
0000000011111111000000000000
0000000001111111110000000000
0000000000001111111000000000
0000000000000000111000000000
0000000000000000011100000000
0000000000000000011100000000
0000000000000000011100000000
0000000000000000111000000000
0000001111111111111000000000
0000001111111111110000000000
0000000001111111000000000000
0000000000000000000000000000
0000000000000000000000000000
0000000000000000000000000000
0000000000000000000000000000
0000000000000000000000000000
0000000000000000000000000000
0000000000000000000000000000
