0000000000000000000000000000
0000000000000000000000000000
0000000000000000000000000000
0000000000111111100000000000
0000000001111111110000000000
0000000011110001110000000000
0000000011100000010000000000
0000000011100000000000000000
0000000011100000000000000000
0000000011110000000000000000
0000000001111100000000000000
0000000000111111100000000000
0000000000001111110000000000
0000000000000001110000000000
0000000000000001110000000000
0000000000000000110000000000
0000000010000001110000000000
0000000011100011110000000000
0000000011111111110000000000
0000000011111111000000000000
0000000000000000000000000000
0000000000000000000000000000
0000000000000000000000000000
0000000000000000000000000000
0000000000000000000000000000
0000000000000000000000000000
0000000000000000000000000000
0000000000000000000000000000
