0000000000000000000000000000
0000000000000000000000000000
0000000000000000000000000000
0000000000011111000000000000
0000000000111111100000000000
0000000001100000100000000000
0000000011000000000000000000
0000000011000000000000000000
0000000001100000000000000000
0000000000111000000000000000
0000000000011111000000000000
0000000000000111100000000000
0000000000000000110000000000
0000000000000000111000000000
0000000000000000111000000000
0000000010000000110000000000
0000000011110001110000000000
0000000001111111100000000000
0000000000001100000000000000
0000000000000000000000000000
0000000000000000000000000000
0000000000000000000000000000
0000000000000000000000000000
0000000000000000000000000000
0000000000000000000000000000
0000000000000000000000000000
0000000000000000000000000000
0000000000000000000000000000
