0000000000000000000000000000
0000000000000000000000000000
0000000000000000000000000000
0000000000000000000000000000
0000000000000000000000000000
0000000011111111000000000000
0000000010000001110000000000
0000000000000000110000000000
0000000000000000010000000000
0000000000000000011000000000
0000000000000000111000000000
0000000001111111111000000000
0000000011100000011000000000
0000000011000000011000000000
0000000010000000011000000000
0000000010000000111000000000
0000000010000000111000000000
0000000011000001111000000000
0000000011100111011000000000
0000000001111110011000000000
0000000000000000000000000000
0000000000000000000000000000
0000000000000000000000000000
0000000000000000000000000000
0000000000000000000000000000
0000000000000000000000000000
0000000000000000000000000000
0000000000000000000000000000
