0000000000000000000000000000
0000000000000000000000000000
0000000000000000000000000000
0000000000000000000000000000
0000000000000000000000000000
0000000000000000000000000000
0000000001111111000000000000
0000000011111111100000000000
0000000010000001110000000000
0000000000000000110000000000
0000000000000000110000000000
0000000000011111111000000000
0000000001111111111000000000
0000000011111000111000000000
0000000111000000111000000000
0000000110000000111000000000
0000000110000000111000000000
0000000111000001111000000000
0000000011111111111000000000
0000000001111110010000000000
0000000000000000000000000000
0000000000000000000000000000
0000000000000000000000000000
0000000000000000000000000000
0000000000000000000000000000
0000000000000000000000000000
0000000000000000000000000000
0000000000000000000000000000
