0000000000000000000000000000
0000000000000000000000000000
0000000000000000000000000000
0000000000000000000000000000
0000000000000000000000000000
0000000000000000000000000000
0000000001111111100000000000
0000000011100011100000000000
0000000011000000110000000000
0000000000000000110000000000
0000000000000000110000000000
0000000000000011110000000000
0000000001111111110000000000
0000000011100000110000000000
0000000110000000110000000000
0000000110000000110000000000
0000000110000001110000000000
0000000011000011110000000000
0000000011111100111000000000
0000000000000000000000000000
0000000000000000000000000000
0000000000000000000000000000
0000000000000000000000000000
0000000000000000000000000000
0000000000000000000000000000
0000000000000000000000000000
0000000000000000000000000000
0000000000000000000000000000
