0000000000000000000000000000
0000000000000000000000000000
0000000000000000000000000000
0000000000000000000000000000
0000000000000000000000000000
0000000000000000000000000000
0000000011111111000000000000
0000000011000011100000000000
0000000000000001110000000000
0000000000000000110000000000
0000000000000000110000000000
0000000000111111110000000000
0000000011111111110000000000
0000000011000000110000000000
0000000011000000110000000000
0000000010000000110000000000
0000000011000001110000000000
0000000011000011110000000000
0000000011111110110000000000
0000000000111000000000000000
0000000000000000000000000000
0000000000000000000000000000
0000000000000000000000000000
0000000000000000000000000000
0000000000000000000000000000
0000000000000000000000000000
0000000000000000000000000000
0000000000000000000000000000
