0000000000000000000000000000
0000000000000000000000000000
0000000000000000000000000000
0000000000000000000000000000
0000000000000000000000000000
0000000000000000000000000000
0000000000000000000000000000
0000000001111111100000000000
0000000001100011100000000000
0000000000000001110000000000
0000000000000001110000000000
0000000000000001110000000000
0000000001111111110000000000
0000000001110001110000000000
0000000001100001110000000000
0000000001000001110000000000
0000000001000001110000000000
0000000001100011110000000000
0000000001111111110000000000
0000000001111000000000000000
0000000000000000000000000000
0000000000000000000000000000
0000000000000000000000000000
0000000000000000000000000000
0000000000000000000000000000
0000000000000000000000000000
0000000000000000000000000000
0000000000000000000000000000
