0000000000000000000000000000
0000000000000000000000000000
0000000000000000000000000000
0000000000000000000000000000
0000000000000000000000000000
0000000000000000000000000000
0000000000000000000000000000
0000000000011111000000000000
0000000001111111100000000000
0000000001000000110000000000
0000000000000000110000000000
0000000000000001110000000000
0000000000111111110000000000
0000000001100000110000000000
0000000011000000110000000000
0000000011000000110000000000
0000000011000011110000000000
0000000001111110110000000000
0000000000010000010000000000
0000000000000000000000000000
0000000000000000000000000000
0000000000000000000000000000
0000000000000000000000000000
0000000000000000000000000000
0000000000000000000000000000
0000000000000000000000000000
0000000000000000000000000000
0000000000000000000000000000
