0000000000000000000000000000
0000000000000000000000000000
0000000000000000000000000000
0000000000000000000000000000
0000000000000000000000000000
0000000000000110000000000000
0000000000111111101100000000
0000000011111111111100000000
0000000011100000111100000000
0000000111000000011100000000
0000000110000000011100000000
0000001110000000011000000000
0000001110000000011000000000
0000001110000000111000000000
0000001110000000111000000000
0000001111000001111000000000
0000000111111111110000000000
0000000111111110110000000000
0000000000111000000000000000
0000000000000000000000000000
0000000000000000000000000000
0000000000000000000000000000
0000000000000000000000000000
0000000000000000000000000000
0000000000000000000000000000
0000000000000000000000000000
0000000000000000000000000000
0000000000000000000000000000
