0000000000000000000000000000
0000000000011111111000000000
0000000001111111111100000000
0000000011110000001110000000
0000000111000000000000000000
0000000111000000000000000000
0000001110000000000000000000
0000001110000000000000000000
0000001110000000000000000000
0000001110000000000000000000
0000001110000000000000000000
0000001110000000000000000000
0000001110000000000000000000
0000001110000000000000000000
0000000110000000000000000000
0000000111000000000000000000
0000000011100000000000000000
0000000001111000011110000000
0000000000111111111100000000
0000000000001111110000000000
0000000000000000000000000000
0000000000000000000000000000
0000000000000000000000000000
0000000000000000000000000000
0000000000000000000000000000
0000000000000000000000000000
0000000000000000000000000000
0000000000000000000000000000
