0000000000000000000000000000
0000000000000000000000000000
0000000000000000000000000000
0000000000011111100000000000
0000000001111111111000000000
0000000111000000011100000000
0000001110000000000110000000
0000001100000000000111000000
0000011000000000000011000000
0000011000000000000000000000
0000110000000000000000000000
0000110000000000000000000000
0000110000000000000000000000
0000110000000000000000000000
0000110000000000000000000000
0000110000000000000000000000
0000011000000000000000000000
0000011000000000000011000000
0000001100000000000110000000
0000000110000000001110000000
0000000011110000111100000000
0000000001111111110000000000
0000000000000110000000000000
0000000000000000000000000000
0000000000000000000000000000
0000000000000000000000000000
0000000000000000000000000000
0000000000000000000000000000
