0000000000000000000000000000
0000000000000000000000000000
0000000000000000000000000000
0000000000000000000000000000
0000000001111111110000000000
0000000011100000111000000000
0000000111000000011100000000
0000001110000000001100000000
0000001100000000001100000000
0000001100000000000000000000
0000001000000000000000000000
0000011000000000000000000000
0000011000000000000000000000
0000011000000000000000000000
0000001000000000000000000000
0000001100000000000110000000
0000001100000000001100000000
0000001110000000001100000000
0000000111000000011100000000
0000000011100000111000000000
0000000001111111110000000000
0000000000011111000000000000
0000000000000000000000000000
0000000000000000000000000000
0000000000000000000000000000
0000000000000000000000000000
0000000000000000000000000000
0000000000000000000000000000
