0000000000000000000000000000
0000000000000000000000000000
0000000000000000000000000000
0000000000000000000000000000
0000000000000000000000000000
0000000000001111100000000000
0000000000111111110000000000
0000000001110000010000000000
0000000001100000000000000000
0000000011000000000000000000
0000000011000000000000000000
0000000011000000000000000000
0000000111000000000000000000
0000000111000000000000000000
0000000011000000000000000000
0000000011000000000000000000
0000000011000000000000000000
0000000001100000000000000000
0000000000111000111000000000
0000000000011111110000000000
0000000000000010000000000000
0000000000000000000000000000
0000000000000000000000000000
0000000000000000000000000000
0000000000000000000000000000
0000000000000000000000000000
0000000000000000000000000000
0000000000000000000000000000
