0000000000000000000000000000
0000000000000000000000000000
0000000000000000000000000000
0000000000000000000000000000
0000000000001111110000000000
0000000001111111111100000000
0000000011111000111110000000
0000000111100000001110000000
0000001111000000000000000000
0000001110000000000000000000
0000011100000000000000000000
0000011100000000000000000000
0000011000000000000000000000
0000011000000000000000000000
0000011000000000000000000000
0000011000000000000000000000
0000011100000000000000000000
0000011110000000111100000000
0000001111000001111000000000
0000001111111111110000000000
0000000111111111100000000000
0000000000111000000000000000
0000000000000000000000000000
0000000000000000000000000000
0000000000000000000000000000
0000000000000000000000000000
0000000000000000000000000000
0000000000000000000000000000
