0000000000000000000000000000
0000000000000000000000000000
0000000000000000000000000000
0000000000000000000000000000
0000000110000000001000000000
0000000111000000011000000000
0000000011000000111000000000
0000000001100001110000000000
0000000001110001100000000000
0000000000110011000000000000
0000000000011111000000000000
0000000000011110000000000000
0000000000001110000000000000
0000000000011110000000000000
0000000000111111000000000000
0000000000110011100000000000
0000000001110001100000000000
0000000011100001110000000000
0000000011000000111000000000
0000000110000000011000000000
0000001110000000011100000000
0000001100000000001100000000
0000000000000000000000000000
0000000000000000000000000000
0000000000000000000000000000
0000000000000000000000000000
0000000000000000000000000000
0000000000000000000000000000
