0000000000000000000000000000
0000000000000000000000000000
0000000000000000000000000000
0000000000000000000000000000
0000000111100000000111000000
0000000011100000001110000000
0000000011110000011100000000
0000000001110000111000000000
0000000001111001110000000000
0000000000111011110000000000
0000000000111111100000000000
0000000000011111000000000000
0000000000011110000000000000
0000000000011110000000000000
0000000000111111000000000000
0000000001110111000000000000
0000000011100111100000000000
0000000111100011100000000000
0000001111000011110000000000
0000001110000001110000000000
0000011100000001111000000000
0000000000000000000000000000
0000000000000000000000000000
0000000000000000000000000000
0000000000000000000000000000
0000000000000000000000000000
0000000000000000000000000000
0000000000000000000000000000
