0000000000000000000000000000
0000000010000000000000000000
0000000111000000000000000000
0000000111000000000000000000
0000000111000000000000000000
0000000111000000000000000000
0000000111000000110000000000
0000000111000001110000000000
0000000111000011000000000000
0000000111000110000000000000
0000000111001100000000000000
0000000111111000000000000000
0000000111110000000000000000
0000000111111000000000000000
0000000111011100000000000000
0000000111001110000000000000
0000000111000111000000000000
0000000111000011100000000000
0000000111000001110000000000
0000000010000000111000000000
0000000000000000000000000000
0000000000000000000000000000
0000000000000000000000000000
0000000000000000000000000000
0000000000000000000000000000
0000000000000000000000000000
0000000000000000000000000000
0000000000000000000000000000
