0000000000000000000000000000
0000000110000000000000000000
0000000110000000000000000000
0000000110000000000000000000
0000000110000000000000000000
0000000110000000000000000000
0000000110000011110000000000
0000000110000111100000000000
0000000110001111000000000000
0000000110011110000000000000
0000000111111100000000000000
0000000111111000000000000000
0000000111110000000000000000
0000000111111000000000000000
0000000110111100000000000000
0000000110011110000000000000
0000000110001111000000000000
0000000110000111100000000000
0000000110000011110000000000
0000000000000000000000000000
0000000000000000000000000000
0000000000000000000000000000
0000000000000000000000000000
0000000000000000000000000000
0000000000000000000000000000
0000000000000000000000000000
0000000000000000000000000000
0000000000000000000000000000
