0000000000000000000000000000
0000000000000000000000000000
0000000011000000000000000000
0000000011000000000000000000
0000000011000000000000000000
0000000011000000000000000000
0000000011000000000000000000
0000000011000000110000000000
0000000011000001100000000000
0000000011000011000000000000
0000000011000110000000000000
0000000011001100000000000000
0000000011011100000000000000
0000000011110110000000000000
0000000011100011000000000000
0000000011000001100000000000
0000000011000000100000000000
0000000011000000110000000000
0000000000000000000000000000
0000000000000000000000000000
0000000000000000000000000000
0000000000000000000000000000
0000000000000000000000000000
0000000000000000000000000000
0000000000000000000000000000
0000000000000000000000000000
0000000000000000000000000000
0000000000000000000000000000
