0000000000000000000000000000
0000000000000000000000000000
0000000000110000000000000000
0000000001110000000000000000
0000000001110000000000000000
0000000001100000000000000000
0000000001100001111000000000
0000000001100011110000000000
0000000011100011100000000000
0000000011100111000000000000
0000000011101110000000000000
0000000011111100000000000000
0000000011111100000000000000
0000000011011110000000000000
0000000111001110000000000000
0000000111001111000000000000
0000000110000111100000000000
0000000110000011100000000000
0000000000000000000000000000
0000000000000000000000000000
0000000000000000000000000000
0000000000000000000000000000
0000000000000000000000000000
0000000000000000000000000000
0000000000000000000000000000
0000000000000000000000000000
0000000000000000000000000000
0000000000000000000000000000
