0000000000000000000000000000
0000000000000000000000000000
0000011110000000001110000000
0000011110000000011110000000
0000011011000000011010000000
0000011011000000010010000000
0000011001000000110010000000
0000011001100000100010000000
0000011000100000100010000000
0000011000100001100010000000
0000011000110001000010000000
0000011000010011000010000000
0000011000011011000010000000
0000011000011110000010000000
0000011000001110000010000000
0000011000000000000010000000
0000011000000000000010000000
0000011000000000000010000000
0000011000000000000010000000
0000000000000000000000000000
0000000000000000000000000000
0000000000000000000000000000
0000000000000000000000000000
0000000000000000000000000000
0000000000000000000000000000
0000000000000000000000000000
0000000000000000000000000000
0000000000000000000000000000
