0000000000000000000000000000
0000000000000000000000000000
0000000000000000000000000000
0000110000000000000011000000
0001111000000000000111100000
0001111000000000000111100000
0001101100000000001101100000
0001101100000000001101100000
0001101100000000001001100000
0001100110000000011001100000
0001100110000000011001100000
0001100011000000110001100000
0001100011000000110001100000
0001100001100001100001100000
0001100001100001100001100000
0001100001100001100001100000
0001100000110011000001100000
0001100000110011000001100000
0001100000011110000001100000
0001100000011110000001100000
0001100000001100000001100000
0001100000001100000001100000
0000000000000000000000000000
0000000000000000000000000000
0000000000000000000000000000
0000000000000000000000000000
0000000000000000000000000000
0000000000000000000000000000
