0000000000000000000000000000
0000000000000000000000000000
0000000000000000000000000000
0000000000000000000000000000
0000001110000000001100000000
0000001111000000001100000000
0000001111000000001100000000
0000001101100000001100000000
0000001101110000001100000000
0000001100110000001100000000
0000001100111000001100000000
0000001100011100001100000000
0000001100001100001100000000
0000001100001110001100000000
0000001100000110001100000000
0000001100000011001100000000
0000001100000011101100000000
0000001100000001101100000000
0000001100000000111100000000
0000001100000000111100000000
0000001100000000011100000000
0000000000000000000000000000
0000000000000000000000000000
0000000000000000000000000000
0000000000000000000000000000
0000000000000000000000000000
0000000000000000000000000000
0000000000000000000000000000
