0000000000000000000000000000
0000000000000000000000000000
0000011111000000011110000000
0000011111000000111110000000
0000011011000000110110000000
0000011011100000110110000000
0000011001100001110110000000
0000011001110001100110000000
0000011000110001100110000000
0000011000110011100110000000
0000011000111011000110000000
0000011000011011000110000000
0000011000011111000110000000
0000011000011110000110000000
0000011000001110000110000000
0000011000001100000110000000
0000011000000000000110000000
0000011000000000000110000000
0000011000000000000110000000
0000000000000000000000000000
0000000000000000000000000000
0000000000000000000000000000
0000000000000000000000000000
0000000000000000000000000000
0000000000000000000000000000
0000000000000000000000000000
0000000000000000000000000000
0000000000000000000000000000
