0000000000000000000000000000
0000000000000000000000000000
0000000000000000000000000000
0000000000000000000000000000
0000000111100001111000000000
0000000111100001111000000000
0000000111110001111000000000
0000000111110001111000000000
0000000111010011011000000000
0000000111010011011000000000
0000000111011010011000000000
0000000111011110011000000000
0000000111001110011000000000
0000000111001110011000000000
0000000111001100011000000000
0000000111000000011000000000
0000000111000000011000000000
0000000111000000011000000000
0000000111000000011000000000
0000000111000000011000000000
0000000111000000011000000000
0000000000000000000000000000
0000000000000000000000000000
0000000000000000000000000000
0000000000000000000000000000
0000000000000000000000000000
0000000000000000000000000000
0000000000000000000000000000
