0000000000000000000000000000
0000000000000000000000000000
0000000000000000000000000000
0000000000000000000000000000
0000000011000001110000000000
0000000011000001110000000000
0000000001000001010000000000
0000000000100010010000000000
0000000010100010010000000000
0000000010100010110000000000
0000000010010100110000000000
0000000010010100110000000000
0000000010011100110000000000
0000000010001000110000000000
0000000010000000110000000000
0000000010000000110000000000
0000000010000000110000000000
0000000010000000110000000000
0000000000000000000000000000
0000000000000000000000000000
0000000000000000000000000000
0000000000000000000000000000
0000000000000000000000000000
0000000000000000000000000000
0000000000000000000000000000
0000000000000000000000000000
0000000000000000000000000000
0000000000000000000000000000
