0000000000000000000000000000
0000000000000000000000000000
0000000000000000000000000000
0000000000000000000000000000
0000001110000000000111100000
0000011111000000000111100000
0000011111000000001111100000
0000011111000000011111000000
0000011111000000011111000000
0000011011000000111011000000
0000111011000000110111000000
0000111001100001100111000000
0000111001100001100111000000
0000110001100011000110000000
0000110001100011000110000000
0000110001100110001110000000
0001110001100110001110000000
0001110000111100001110000000
0001110000111100001100000000
0001100000111000001100000000
0001100000111000001100000000
0000000000000000000000000000
0000000000000000000000000000
0000000000000000000000000000
0000000000000000000000000000
0000000000000000000000000000
0000000000000000000000000000
0000000000000000000000000000
