0000000000000000000000000000
0000000000000000000000000000
0000000000000000000000000000
0000000000000000000000000000
0000011000000000000110000000
0000001100000000001100000000
0000001100000000001100000000
0000001100000000001100000000
0000000110000000011000000000
0000000110000000011000000000
0000000011000000011000000000
0000000011000000110000000000
0000000011000000110000000000
0000000001100001100000000000
0000000001100001100000000000
0000000001100001100000000000
0000000000110011000000000000
0000000000110011000000000000
0000000000011010000000000000
0000000000011110000000000000
0000000000011110000000000000
0000000000001000000000000000
0000000000000000000000000000
0000000000000000000000000000
0000000000000000000000000000
0000000000000000000000000000
0000000000000000000000000000
0000000000000000000000000000
