0000000000000000000000000000
0000000000000000000000000000
0000000000000000000000000000
0000000000000000000000000000
0011100000001110000000110000
0001100000001110000000110000
0001100000011110000000110000
0001100000011011000001110000
0000110000011011000001100000
0000110000010011000001100000
0000110000110001000001100000
0000110000110001100011000000
0000011000110001100011000000
0000011000100001100011000000
0000011001100000110011000000
0000011001100000110010000000
0000001101000000110110000000
0000001111000000010110000000
0000001111000000011110000000
0000001111000000011100000000
0000000110000000011100000000
0000000000000000000000000000
0000000000000000000000000000
0000000000000000000000000000
0000000000000000000000000000
0000000000000000000000000000
0000000000000000000000000000
0000000000000000000000000000
