0000000000000000000000000000
0000000000000000000000000000
0000000000000000000000000000
0000000000000000000000000000
0000001110000000001110000000
0000001110000000001100000000
0000001110000000011100000000
0000001110000000011000000000
0000000110000000111000000000
0000000110000001110000000000
0000000111000001110000000000
0000000111000011100000000000
0000000111000011000000000000
0000000011000111000000000000
0000000011000110000000000000
0000000011001110000000000000
0000000011101100000000000000
0000000011111100000000000000
0000000001111000000000000000
0000000001110000000000000000
0000000001110000000000000000
0000000000000000000000000000
0000000000000000000000000000
0000000000000000000000000000
0000000000000000000000000000
0000000000000000000000000000
0000000000000000000000000000
0000000000000000000000000000
