0000000000000000000000000000
0000000000000000000000000000
0000000000000000000000000000
0000000111111111111000000000
0000001111111111111100000000
0000001111111111111000000000
0000001110000000000000000000
0000001110000000000000000000
0000001110000000000000000000
0000001110000000000000000000
0000001110000000000000000000
0000001111111111111000000000
0000001111111111111000000000
0000001111111111111000000000
0000001110000000000000000000
0000001110000000000000000000
0000001110000000000000000000
0000001110000000000000000000
0000001110000000000000000000
0000001111111111111100000000
0000001111111111111100000000
0000000111111111111100000000
0000000000000000000000000000
0000000000000000000000000000
0000000000000000000000000000
0000000000000000000000000000
0000000000000000000000000000
0000000000000000000000000000
