0000000000000000000000000000
0000000000000000000000000000
0000000000000000000000000000
0000000000011111000000000000
0000000000111111100000000000
0000000001100000110000000000
0000000001100000110000000000
0000000011100000110000000000
0000000001100000110000000000
0000000001100000110000000000
0000000000110001100000000000
0000000000111111000000000000
0000000001111111100000000000
0000000001100000110000000000
0000000011000000011000000000
0000000011000000011000000000
0000000111000000011000000000
0000000011000000011000000000
0000000011000000011000000000
0000000011000000111000000000
0000000001110001110000000000
0000000000111111100000000000
0000000000000100000000000000
0000000000000000000000000000
0000000000000000000000000000
0000000000000000000000000000
0000000000000000000000000000
0000000000000000000000000000
