0000000000000000000000000000
0000000000000000000000000000
0000000000000000000000000000
0000000000000000000000000000
0000000000111111000000000000
0000000011110011100000000000
0000000011000001110000000000
0000000011000000110000000000
0000000011000000110000000000
0000000011000000110000000000
0000000011100001100000000000
0000000001111111000000000000
0000000001111111000000000000
0000000011100001110000000000
0000000111000000110000000000
0000000110000000011000000000
0000000110000000011000000000
0000000110000000011000000000
0000000111000000110000000000
0000000011100001110000000000
0000000001111111100000000000
0000000000011110000000000000
0000000000000000000000000000
0000000000000000000000000000
0000000000000000000000000000
0000000000000000000000000000
0000000000000000000000000000
0000000000000000000000000000
