0000000000000000000000000000
0000000000000000000000000000
0000000000000000000000000000
0000000000000000000000000000
0000000001111111100000000000
0000000011110001110000000000
0000000011100000111000000000
0000000011000000011000000000
0000000011000000011000000000
0000000011000000111000000000
0000000011100001110000000000
0000000000111111000000000000
0000000000111111100000000000
0000000011100001110000000000
0000000011000000111000000000
0000000110000000011000000000
0000000110000000011000000000
0000000110000000011000000000
0000000111000000011000000000
0000000011100000111000000000
0000000011110001110000000000
0000000001111111100000000000
0000000000000000000000000000
0000000000000000000000000000
0000000000000000000000000000
0000000000000000000000000000
0000000000000000000000000000
0000000000000000000000000000
