0000000000000000000000000000
0000000000000000000000000000
0000000001111111111100000000
0000000011100000000100000000
0000000111000000000000000000
0000000110000000000000000000
0000001100000000000000000000
0000001100000000000000000000
0000001100000000000000000000
0000001100000000000000000000
0000001100000001111110000000
0000001100000001011110000000
0000001100000000000110000000
0000001100000000000110000000
0000001110000000000110000000
0000000110000000000110000000
0000000111000000000110000000
0000000011100000001110000000
0000000000111111111100000000
0000000000000000000000000000
0000000000000000000000000000
0000000000000000000000000000
0000000000000000000000000000
0000000000000000000000000000
0000000000000000000000000000
0000000000000000000000000000
0000000000000000000000000000
0000000000000000000000000000
