0000000000000000000000000000
0000000000000000000000000000
0000000000000000000000000000
0000000000000000000000000000
0000000001111111111000000000
0000000011100000011100000000
0000000111000000001110000000
0000001110000000000110000000
0000001100000000000110000000
0000001100000000000000000000
0000011000000000000000000000
0000011000000000000000000000
0000011000000011111110000000
0000011000000011111110000000
0000011000000000000010000000
0000001100000000000010000000
0000001100000000000110000000
0000001110000000000110000000
0000000111000000001110000000
0000000011100000011010000000
0000000001111111110010000000
0000000000011111000000000000
0000000000000000000000000000
0000000000000000000000000000
0000000000000000000000000000
0000000000000000000000000000
0000000000000000000000000000
0000000000000000000000000000
