0000000000000000000000000000
0000000000000000000000000000
0000000011111111111100000000
0000000111100000000100000000
0000000110000000000000000000
0000001100000000000000000000
0000001100000000000000000000
0000011100000000000000000000
0000011000000000000000000000
0000011000000000000000000000
0000011000000001111110000000
0000011000000001111110000000
0000011000000000000110000000
0000001100000000000110000000
0000001100000000000110000000
0000001110000000000110000000
0000000111000000000110000000
0000000011110000011110000000
0000000001111111111000000000
0000000000000000000000000000
0000000000000000000000000000
0000000000000000000000000000
0000000000000000000000000000
0000000000000000000000000000
0000000000000000000000000000
0000000000000000000000000000
0000000000000000000000000000
0000000000000000000000000000
