0000000000000000000000000000
0000000000000000000000000000
0000000000000000000000000000
0000000000000000000000000000
0000000000011111100000000000
0000000001111111110000000000
0000000001111000110000000000
0000000011110000010000000000
0000000011100000000000000000
0000000011100000000000000000
0000000111000000000000000000
0000000111000000000000000000
0000000111000011110000000000
0000000111000011110000000000
0000000111000011110000000000
0000000011100000110000000000
0000000011100000110000000000
0000000011110000110000000000
0000000001111001110000000000
0000000001111111110000000000
0000000000011111100000000000
0000000000000000000000000000
0000000000000000000000000000
0000000000000000000000000000
0000000000000000000000000000
0000000000000000000000000000
0000000000000000000000000000
0000000000000000000000000000
