0000000000000000000000000000
0000000000000000000000000000
0000000000000000000000000000
0000000000000000000000000000
0000000000000000000000000000
0000000000011111000000000000
0000000000111111110000000000
0000000001100000010000000000
0000000011000000000000000000
0000000011000000000000000000
0000000111000000000000000000
0000000110000000000000000000
0000000110000011110000000000
0000000110000011111000000000
0000000111000000011000000000
0000000011000000011000000000
0000000011000000011000000000
0000000001100000011000000000
0000000001110001111000000000
0000000000111111100000000000
0000000000000110000000000000
0000000000000000000000000000
0000000000000000000000000000
0000000000000000000000000000
0000000000000000000000000000
0000000000000000000000000000
0000000000000000000000000000
0000000000000000000000000000
