0000000000000000000000000000
0000000000000000000000000000
0000000000000000000000000000
0000000000000000000000000000
0000000000011111110000000000
0000000001111111111100000000
0000000011110000111110000000
0000000111000000011110000000
0000001110000000001111000000
0000011100000000000000000000
0000011100000000000000000000
0000111000000000000000000000
0000111000000000000000000000
0000111000011111111111000000
0000111000011111111111000000
0000111000000000011110000000
0000111000000000011110000000
0000011100000000111100000000
0000011110000001111000000000
0000001111111111110000000000
0000000111111111100000000000
0000000000111000000000000000
0000000000000000000000000000
0000000000000000000000000000
0000000000000000000000000000
0000000000000000000000000000
0000000000000000000000000000
0000000000000000000000000000
