0000000000000000000000000000
0000000000000000000000000000
0000000000000000000000000000
0000000000000000000000000000
0000000000000000000000000000
0001101111111000111111000000
0001111000111001100011100000
0001110000011111000001100000
0001100000001110000000100000
0001100000001100000000110000
0001100000001100000000110000
0001100000001100000000110000
0001100000001100000000110000
0001100000001100000000110000
0001100000001100000000110000
0001100000001100000000110000
0001100000001100000000110000
0001100000001100000000110000
0001100000001100000000110000
0001100000001100000000110000
0000000000000000000000000000
0000000000000000000000000000
0000000000000000000000000000
0000000000000000000000000000
0000000000000000000000000000
0000000000000000000000000000
0000000000000000000000000000
0000000000000000000000000000
