0000000000000000000000000000
0000000000000000000000000000
0000000000000000000000000000
0000000000000000000000000000
0000000000000000000000000000
0000000000000000000000000000
0000000011110000011100000000
0000101111111001111111000000
0000111000011111000011000000
0000110000001110000001100000
0000100000001100000001100000
0000100000000100000001100000
0000100000000100000001100000
0000100000000100000001100000
0000100000000100000001100000
0000100000000100000001100000
0000100000000100000001100000
0000100000000100000001100000
0000100000000100000001100000
0000000000000000000000000000
0000000000000000000000000000
0000000000000000000000000000
0000000000000000000000000000
0000000000000000000000000000
0000000000000000000000000000
0000000000000000000000000000
0000000000000000000000000000
0000000000000000000000000000
