0000000000000000000000000000
0000000000000000000000000000
0000000000000000000000000000
0000000000000000000000000000
0000000001110000111000000000
0000110111111001111110000000
0000111111111111111110000000
0000111000011110000111000000
0000111000001100000111000000
0000111000001100000111000000
0000111000001100000111000000
0000111000001100000111000000
0000111000001100000111000000
0000111000001100000111000000
0000111000001100000111000000
0000111000001100000111000000
0000111000001100000111000000
0000111000001100000111000000
0000000000000000000000000000
0000000000000000000000000000
0000000000000000000000000000
0000000000000000000000000000
0000000000000000000000000000
0000000000000000000000000000
0000000000000000000000000000
0000000000000000000000000000
0000000000000000000000000000
0000000000000000000000000000
