0000000000000000000000000000
0000000000000000000000000000
0000000000000000000000000000
0000000000000000000000000000
0000000000000000000000000000
0000000000000000000000000000
0000110111111000111110000000
0000111100111101100111000000
0000111000011111000011000000
0000110000001110000011100000
0000110000001100000001100000
0000110000001100000001100000
0000110000001100000001100000
0000110000001100000001100000
0000110000001100000001100000
0000110000001100000001100000
0000110000001100000001100000
0000110000001100000001100000
0000110000001100000001100000
0000000000000000000000000000
0000000000000000000000000000
0000000000000000000000000000
0000000000000000000000000000
0000000000000000000000000000
0000000000000000000000000000
0000000000000000000000000000
0000000000000000000000000000
0000000000000000000000000000
