0000000000000000000000000000
0000000000000000000000000000
0000000000000000000000000000
0000000000000000000000000000
0000000000000000000000000000
0000000000000000000000000000
0000000000000000000000000000
0000000111111101110000000000
0000000111111110111000000000
0000000111001100011000000000
0000000110001100011000000000
0000000110001100011000000000
0000000110001100011000000000
0000000110001100011000000000
0000000110001100011000000000
0000000110001100011000000000
0000000110001100011000000000
0000000110001100011000000000
0000000110001100011000000000
0000000000000000000000000000
0000000000000000000000000000
0000000000000000000000000000
0000000000000000000000000000
0000000000000000000000000000
0000000000000000000000000000
0000000000000000000000000000
0000000000000000000000000000
0000000000000000000000000000
