0000000000000000000000000000
0000000000000000000000000000
0000000000000000000000000000
0000000000000000000000000000
0000000000000000000000000000
0000000000000000000000000000
0000000110110001100000000000
0000000111111011110000000000
0000000110001100111000000000
0000000110001100011000000000
0000000110001100011000000000
0000000110001100011000000000
0000000110001100011000000000
0000000110001100011000000000
0000000110001100011000000000
0000000110001100011000000000
0000000110001100011000000000
0000000000001000010000000000
0000000000000000000000000000
0000000000000000000000000000
0000000000000000000000000000
0000000000000000000000000000
0000000000000000000000000000
0000000000000000000000000000
0000000000000000000000000000
0000000000000000000000000000
0000000000000000000000000000
0000000000000000000000000000
