0000000000000000000000000000
0000000000000000000000000000
0000000000000000000000000000
0000000000000000000000000000
0000000000000000000000000000
0000000000111000001110000000
0000011111111100111111100000
0000011111111111111111100000
0000011100001111100011100000
0000011100000111000001100000
0000011000000110000001100000
0000111000000110000001100000
0000111000001110000001100000
0000110000001110000011100000
0000110000001100000011100000
0000110000001100000011000000
0001110000001100000011000000
0001110000011100000011000000
0000000000000000000000000000
0000000000000000000000000000
0000000000000000000000000000
0000000000000000000000000000
0000000000000000000000000000
0000000000000000000000000000
0000000000000000000000000000
0000000000000000000000000000
0000000000000000000000000000
0000000000000000000000000000
