0000000000000000000000000000
0000000000000000000000000000
0000000000000000000000000000
0000000000000000000000000000
0000000000000000000000000000
0000000110011111100000000000
0000000111110001110000000000
0000000111100000111000000000
0000000111000000011000000000
0000000110000000011000000000
0000000110000000011000000000
0000000110000000011000000000
0000000110000000011000000000
0000000110000000011000000000
0000000110000000011000000000
0000000110000000011000000000
0000000110000000011000000000
0000000110000000011000000000
0000000110000000011000000000
0000000110000000011000000000
0000000000000000000000000000
0000000000000000000000000000
0000000000000000000000000000
0000000000000000000000000000
0000000000000000000000000000
0000000000000000000000000000
0000000000000000000000000000
0000000000000000000000000000
