0000000000000000000000000000
0000000000000000000000000000
0000000000000000000000000000
0000000000000000000000000000
0000000000000000000000000000
0000000000000000000000000000
0000000010001111000000000000
0000000111111111100000000000
0000000111100001110000000000
0000000111000000111000000000
0000000111000000111000000000
0000000111000000111000000000
0000000111000000111000000000
0000000111000000111000000000
0000000111000000111000000000
0000000111000000111000000000
0000000111000000111000000000
0000000111000000111000000000
0000000111000000111000000000
0000000010000000010000000000
0000000000000000000000000000
0000000000000000000000000000
0000000000000000000000000000
0000000000000000000000000000
0000000000000000000000000000
0000000000000000000000000000
0000000000000000000000000000
0000000000000000000000000000
