0000000000000000000000000000
0000000000000000000000000000
0000000000000000000000000000
0000000000000000000000000000
0000000000000000000000000000
0000000000000000000000000000
0000000000000000000000000000
0000000011101111100000000000
0000000011111011110000000000
0000000011110001110000000000
0000000011100001110000000000
0000000011100001110000000000
0000000011100001110000000000
0000000011100001110000000000
0000000011100001110000000000
0000000011100001110000000000
0000000011100001110000000000
0000000011100001110000000000
0000000011100001110000000000
0000000000000000000000000000
0000000000000000000000000000
0000000000000000000000000000
0000000000000000000000000000
0000000000000000000000000000
0000000000000000000000000000
0000000000000000000000000000
0000000000000000000000000000
0000000000000000000000000000
