0000000000000000000000000000
0000000000000000000000000000
0000000000000000000000000000
0000000000000000000000000000
0000000000000000000000000000
0000000000000000000000000000
0000000011001111000000000000
0000000011011111100000000000
0000000011100000110000000000
0000000011000000110000000000
0000000011000000110000000000
0000000011000000110000000000
0000000011000000110000000000
0000000011000000110000000000
0000000011000000110000000000
0000000011000000110000000000
0000000011000000110000000000
0000000001000000010000000000
0000000000000000000000000000
0000000000000000000000000000
0000000000000000000000000000
0000000000000000000000000000
0000000000000000000000000000
0000000000000000000000000000
0000000000000000000000000000
0000000000000000000000000000
0000000000000000000000000000
0000000000000000000000000000
