0000000000000000000000000000
0000000000000000000000000000
0000000000000000000000000000
0000000000000000000000000000
0000000000000000000000000000
0000000000111111100000000000
0000000001110001110000000000
0000000011000000011000000000
0000000011000000011000000000
0000000110000000001100000000
0000000110000000001100000000
0000000111111111111100000000
0000000111111111111100000000
0000000110000000000000000000
0000000110000000000000000000
0000000110000000000000000000
0000000011000000000000000000
0000000011100000000000000000
0000000001111000111000000000
0000000000011111110000000000
0000000000000000000000000000
0000000000000000000000000000
0000000000000000000000000000
0000000000000000000000000000
0000000000000000000000000000
0000000000000000000000000000
0000000000000000000000000000
0000000000000000000000000000
