0000000000000000000000000000
0000000000000000000000000000
0000000000000000000000000000
0000000000000000000000000000
0000000000000000000000000000
0000000000000000000000000000
0000000000001111000000000000
0000000001111011110000000000
0000000011100000110000000000
0000000011000000011000000000
0000000010000000001000000000
0000000110000000011000000000
0000000111111111111000000000
0000000110000000000000000000
0000000110000000000000000000
0000000010000000000000000000
0000000011000000000000000000
0000000011100000001000000000
0000000001111000111000000000
0000000000011111100000000000
0000000000000000000000000000
0000000000000000000000000000
0000000000000000000000000000
0000000000000000000000000000
0000000000000000000000000000
0000000000000000000000000000
0000000000000000000000000000
0000000000000000000000000000
