0000000000000000000000000000
0000000000000000000000000000
0000000000000000000000000000
0000000000000000000000000000
0000000000000000000000000000
0000000000000000000000000000
0000000000111111000000000000
0000000001110011100000000000
0000000011000001110000000000
0000000011000000110000000000
0000000110000000010000000000
0000000110000000111000000000
0000000111111111111000000000
0000000110000000000000000000
0000000110000000000000000000
0000000011000000110000000000
0000000011000000110000000000
0000000011110011100000000000
0000000000111111000000000000
0000000000000000000000000000
0000000000000000000000000000
0000000000000000000000000000
0000000000000000000000000000
0000000000000000000000000000
0000000000000000000000000000
0000000000000000000000000000
0000000000000000000000000000
0000000000000000000000000000
