0000000000000000000000000000
0000000000000000000000000000
0000000000000000000000000000
0000000000000000000000000000
0000000000000000000000000000
0000000000000000000000000000
0000000000111111100000000000
0000000001110001110000000000
0000000011100000111000000000
0000000011000000011000000000
0000000110000000011000000000
0000000111111111111000000000
0000000111111111111000000000
0000000110000000000000000000
0000000111000000000000000000
0000000011000000000000000000
0000000011100000000000000000
0000000011110000011000000000
0000000001111111111000000000
0000000000001111000000000000
0000000000000000000000000000
0000000000000000000000000000
0000000000000000000000000000
0000000000000000000000000000
0000000000000000000000000000
0000000000000000000000000000
0000000000000000000000000000
0000000000000000000000000000
