0000000000000000000000000000
0000000000000000000000000000
0000000000000000000000000000
0000000000000000000000000000
0000000000000000000000000000
0000000000000000000000000000
0000000000000000000000000000
0000000001111111000000000000
0000000011110111100000000000
0000000011100001110000000000
0000000111000000110000000000
0000000111000000110000000000
0000000111111111110000000000
0000000111111111110000000000
0000000111000000000000000000
0000000111000000000000000000
0000000111000000000000000000
0000000011110000010000000000
0000000001111111110000000000
0000000000011111100000000000
0000000000000000000000000000
0000000000000000000000000000
0000000000000000000000000000
0000000000000000000000000000
0000000000000000000000000000
0000000000000000000000000000
0000000000000000000000000000
0000000000000000000000000000
