0000000000000000000000000000
0000000000000000000000000000
0000000000000000000000000000
0000000000000000000000000000
0000000000000000000000000000
0000000000000000000000000000
0000000000000000000000000000
0000000000011111000000000000
0000000000111111100000000000
0000000001100000110000000000
0000000011000000010000000000
0000000011000000011000000000
0000000011111111111000000000
0000000011111111110000000000
0000000011000000000000000000
0000000011000000000000000000
0000000001110000110000000000
0000000000111111100000000000
0000000000000110000000000000
0000000000000000000000000000
0000000000000000000000000000
0000000000000000000000000000
0000000000000000000000000000
0000000000000000000000000000
0000000000000000000000000000
0000000000000000000000000000
0000000000000000000000000000
0000000000000000000000000000
