0000000000000000000000000000
0000000011000000000000000000
0000000011000000000000000000
0000000011000000000000000000
0000000011000000000000000000
0000000011000000000000000000
0000000011011111100000000000
0000000011110001110000000000
0000000011100000110000000000
0000000011100000010000000000
0000000011000000010000000000
0000000011000000010000000000
0000000011000000010000000000
0000000011000000010000000000
0000000011000000010000000000
0000000011000000010000000000
0000000011000000010000000000
0000000011000000010000000000
0000000011000000010000000000
0000000000000000000000000000
0000000000000000000000000000
0000000000000000000000000000
0000000000000000000000000000
0000000000000000000000000000
0000000000000000000000000000
0000000000000000000000000000
0000000000000000000000000000
0000000000000000000000000000
