0000000000000000000000000000
0000000011000000000000000000
0000000011000000000000000000
0000000011000000000000000000
0000000011000000000000000000
0000000011000000000000000000
0000000011011111100000000000
0000000011111001110000000000
0000000011100000110000000000
0000000011000000111000000000
0000000011000000011000000000
0000000011000000011000000000
0000000011000000011000000000
0000000011000000011000000000
0000000011000000011000000000
0000000011000000011000000000
0000000011000000011000000000
0000000011000000011000000000
0000000011000000011000000000
0000000000000000000000000000
0000000000000000000000000000
0000000000000000000000000000
0000000000000000000000000000
0000000000000000000000000000
0000000000000000000000000000
0000000000000000000000000000
0000000000000000000000000000
0000000000000000000000000000
