0000000000000000000000000000
0000000000000000000000000000
0000000011100000000000000000
0000000011100000000000000000
0000000011100000000000000000
0000000011100000000000000000
0000000011100000000000000000
0000000011101111100000000000
0000000011111111100000000000
0000000011100011100000000000
0000000011100001110000000000
0000000011100001110000000000
0000000011100001110000000000
0000000011100001110000000000
0000000011100001110000000000
0000000011100001110000000000
0000000011100001110000000000
0000000011100001110000000000
0000000011100001110000000000
0000000000000000000000000000
0000000000000000000000000000
0000000000000000000000000000
0000000000000000000000000000
0000000000000000000000000000
0000000000000000000000000000
0000000000000000000000000000
0000000000000000000000000000
0000000000000000000000000000
