0000000000000000000000000000
0000000000000000000000000000
0000000000110000000000000000
0000000000110000000000000000
0000000000110000000000000000
0000000000110011100000000000
0000000001111111111000000000
0000000001111111111000000000
0000000001110000111000000000
0000000001110000011000000000
0000000001100000011000000000
0000000011100000011000000000
0000000011100000011000000000
0000000011000000111000000000
0000000011000000111000000000
0000000011000000110000000000
0000000111000000110000000000
0000000111000000110000000000
0000000000000000000000000000
0000000000000000000000000000
0000000000000000000000000000
0000000000000000000000000000
0000000000000000000000000000
0000000000000000000000000000
0000000000000000000000000000
0000000000000000000000000000
0000000000000000000000000000
0000000000000000000000000000
