0000000000000000000000000000
0000000000000000000000000000
0000000110000000111000000000
0000000110000001110000000000
0000000110000011100000000000
0000000110000111000000000000
0000000110001110000000000000
0000000110011000000000000000
0000000110110000000000000000
0000000111100000000000000000
0000000111110000000000000000
0000000110111000000000000000
0000000110011100000000000000
0000000110001110000000000000
0000000110000111000000000000
0000000110000011100000000000
0000000110000001110000000000
0000000110000000111000000000
0000000110000000011100000000
0000000000000000000000000000
0000000000000000000000000000
0000000000000000000000000000
0000000000000000000000000000
0000000000000000000000000000
0000000000000000000000000000
0000000000000000000000000000
0000000000000000000000000000
0000000000000000000000000000
