0000000000000000000000000000
0000000000000000000000000000
0000000000000000000000000000
0000000100000000011000000000
0000000110000000011000000000
0000000110000000110000000000
0000000110000001100000000000
0000000110000011000000000000
0000000110000110000000000000
0000000110000110000000000000
0000000110001100000000000000
0000000110011000000000000000
0000000110111000000000000000
0000000111111000000000000000
0000000111101100000000000000
0000000111001110000000000000
0000000110000110000000000000
0000000110000011000000000000
0000000110000001100000000000
0000000110000001110000000000
0000000110000000110000000000
0000000110000000011000000000
0000000000000000000000000000
0000000000000000000000000000
0000000000000000000000000000
0000000000000000000000000000
0000000000000000000000000000
0000000000000000000000000000
