0000000000000000000000000000
0000000000000000000000000000
0000001100000001111000000000
0000001100000011110000000000
0000001100000111000000000000
0000001100001110000000000000
0000001100011100000000000000
0000001101111000000000000000
0000001111110000000000000000
0000001111100000000000000000
0000001111110000000000000000
0000001101111000000000000000
0000001100111100000000000000
0000001100011110000000000000
0000001100001111000000000000
0000001100000111100000000000
0000001100000011110000000000
0000001100000001111000000000
0000001100000000111100000000
0000000000000000000000000000
0000000000000000000000000000
0000000000000000000000000000
0000000000000000000000000000
0000000000000000000000000000
0000000000000000000000000000
0000000000000000000000000000
0000000000000000000000000000
0000000000000000000000000000
