0000000000000000000000000000
0000000000000000000000000000
0000000000000000000000000000
0000000000000000000000000000
0000000110000001110000000000
0000000110000011110000000000
0000000110000111100000000000
0000000110000111000000000000
0000000110001110000000000000
0000000110011100000000000000
0000000111111100000000000000
0000000111111100000000000000
0000000111111100000000000000
0000000111111110000000000000
0000000111001110000000000000
0000000111000111000000000000
0000000110000111000000000000
0000000110000011100000000000
0000000110000011110000000000
0000000110000001110000000000
0000000110000001111000000000
0000000000000000000000000000
0000000000000000000000000000
0000000000000000000000000000
0000000000000000000000000000
0000000000000000000000000000
0000000000000000000000000000
0000000000000000000000000000
