0000000000000000000000000000
0000000000000000000000000000
0000000000000000000000000000
0000000000000000000000000000
0000000000000000000000000000
0000000010000000100000000000
0000000110000001100000000000
0000000110000011000000000000
0000000110000110000000000000
0000000110001100000000000000
0000000110011000000000000000
0000000110011000000000000000
0000000111111100000000000000
0000000111100110000000000000
0000000111000110000000000000
0000000110000011000000000000
0000000110000011000000000000
0000000110000001100000000000
0000000110000001100000000000
0000000110000000110000000000
0000000010000000010000000000
0000000000000000000000000000
0000000000000000000000000000
0000000000000000000000000000
0000000000000000000000000000
0000000000000000000000000000
0000000000000000000000000000
0000000000000000000000000000
