0000000000000000000000000000
0000000000000000000000000000
0000000000000000000000000000
0000000000000000000000000000
0000000001100000011100000000
0000000011100000111000000000
0000000011100001110000000000
0000000011100011100000000000
0000000011000111000000000000
0000000011001110000000000000
0000000111011100000000000000
0000000111111100000000000000
0000000111111000000000000000
0000000111111000000000000000
0000000110111000000000000000
0000000110011100000000000000
0000001110011110000000000000
0000001110001110000000000000
0000001110001111000000000000
0000001100000111000000000000
0000001100000111100000000000
0000000000000000000000000000
0000000000000000000000000000
0000000000000000000000000000
0000000000000000000000000000
0000000000000000000000000000
0000000000000000000000000000
0000000000000000000000000000
