0000000000000000000000000000
0000000000000000000000000000
0000000000000000000000000000
0000000000000000000000000000
0000000000000000000000000000
0000000000000000000000000000
0000000110000000111000000000
0000000110000000111000000000
0000000110000000111000000000
0000000110000000111000000000
0000000110000000111000000000
0000000110000000111000000000
0000000110000000111000000000
0000000110000000111000000000
0000000110000000111000000000
0000000111000000111000000000
0000000111000000111000000000
0000000011100011111000000000
0000000001111110111000000000
0000000000111100000000000000
0000000000000000000000000000
0000000000000000000000000000
0000000000000000000000000000
0000000000000000000000000000
0000000000000000000000000000
0000000000000000000000000000
0000000000000000000000000000
0000000000000000000000000000
