0000000000000000000000000000
0000000000000000000000000000
0000000000000000000000000000
0000000000000000000000000000
0000000000000000000000000000
0000000011000000010000000000
0000000011000000010000000000
0000000011000000010000000000
0000000011000000010000000000
0000000011000000010000000000
0000000011000000010000000000
0000000011000000010000000000
0000000011000000010000000000
0000000011000000010000000000
0000000011000000110000000000
0000000011000001110000000000
0000000001100011110000000000
0000000001111110010000000000
0000000000000000000000000000
0000000000000000000000000000
0000000000000000000000000000
0000000000000000000000000000
0000000000000000000000000000
0000000000000000000000000000
0000000000000000000000000000
0000000000000000000000000000
0000000000000000000000000000
0000000000000000000000000000
