0000000000000000000000000000
0000000000000000000000000000
0000000000000000000000000000
0000000000000000000000000000
0000000000000000000000000000
0000000000000000000000000000
0000000011000000011000000000
0000000011000000011000000000
0000000011000000011000000000
0000000011000000011000000000
0000000011000000011000000000
0000000011000000011000000000
0000000011000000011000000000
0000000011000000011000000000
0000000011000000011000000000
0000000011000000111000000000
0000000011100001111000000000
0000000011110011111000000000
0000000001111110011000000000
0000000000000000000000000000
0000000000000000000000000000
0000000000000000000000000000
0000000000000000000000000000
0000000000000000000000000000
0000000000000000000000000000
0000000000000000000000000000
0000000000000000000000000000
0000000000000000000000000000
