0000000000000000000000000000
0000000000000000000000000000
0000000000000000000000000000
0000000000000000000000000000
0000000000000000000000000000
0000000000000000000000000000
0000000011100001110000000000
0000000011100001110000000000
0000000011100001110000000000
0000000011100001110000000000
0000000011100001110000000000
0000000011100001110000000000
0000000011100001110000000000
0000000011100001110000000000
0000000011100001110000000000
0000000011100001110000000000
0000000001111111110000000000
0000000001111101110000000000
0000000000000000000000000000
0000000000000000000000000000
0000000000000000000000000000
0000000000000000000000000000
0000000000000000000000000000
0000000000000000000000000000
0000000000000000000000000000
0000000000000000000000000000
0000000000000000000000000000
0000000000000000000000000000
