0000000000000000000000000000
0000000000000000000000000000
0000000000000000000000000000
0000000000000000000000000000
0000000000000000000000000000
0000000000000000000000000000
0000000011100000011000000000
0000000011100000011000000000
0000000011000000011000000000
0000000011000000111000000000
0000000011000000111000000000
0000000111000000110000000000
0000000111000000110000000000
0000000111000000110000000000
0000000110000001110000000000
0000000111000001110000000000
0000000111100111100000000000
0000000111111111100000000000
0000000011111001100000000000
0000000000000000000000000000
0000000000000000000000000000
0000000000000000000000000000
0000000000000000000000000000
0000000000000000000000000000
0000000000000000000000000000
0000000000000000000000000000
0000000000000000000000000000
0000000000000000000000000000
