0000000000000000000000000000
0000000000000000000000000000
0000000000000000000000000000
0000000000000000000000000000
0000000111111111000000000000
0000000100000000110000000000
0000000100000000010000000000
0000000100000000011000000000
0000000100000000001000000000
0000000100000000001000000000
0000000100000000011000000000
0000000100000000010000000000
0000000100000000110000000000
0000000111111111100000000000
0000000110000000000000000000
0000000100000000000000000000
0000000100000000000000000000
0000000100000000000000000000
0000000100000000000000000000
0000000100000000000000000000
0000000100000000000000000000
0000000100000000000000000000
0000000000000000000000000000
0000000000000000000000000000
0000000000000000000000000000
0000000000000000000000000000
0000000000000000000000000000
0000000000000000000000000000
