0000000000000000000000000000
0000000000000000000000000000
0000000000000000000000000000
0000000000000000000000000000
0000000011111111110000000000
0000001111000001111000000000
0000001110000000011100000000
0000011100000000001100000000
0000011000000000001110000000
0000011000000000000110000000
0000010000000000000110000000
0000010000000000000110000000
0000010000000000000110000000
0000010000000000000110000000
0000010000000000000110000000
0000011000000000000110000000
0000011000000000001110000000
0000011100000011001100000000
0000001110000001111100000000
0000000111000001111000000000
0000000011111111111100000000
0000000000111110000110000000
0000000000000000000000000000
0000000000000000000000000000
0000000000000000000000000000
0000000000000000000000000000
0000000000000000000000000000
0000000000000000000000000000
