0000000000000000000000000000
0000000000000000000000000000
0000000000000000000000000000
0000000011111111000000000000
0000000011111111100000000000
0000000011000000110000000000
0000000011000000110000000000
0000000011000000110000000000
0000000011000000110000000000
0000000011000000110000000000
0000000011000001100000000000
0000000011111111000000000000
0000000011111100000000000000
0000000011000000000000000000
0000000011000000000000000000
0000000011000000000000000000
0000000011000000000000000000
0000000011000000000000000000
0000000010000000000000000000
0000000000000000000000000000
0000000000000000000000000000
0000000000000000000000000000
0000000000000000000000000000
0000000000000000000000000000
0000000000000000000000000000
0000000000000000000000000000
0000000000000000000000000000
0000000000000000000000000000
