0000000000000000000000000000
0000000000000000000000000000
0000000000000000000000000000
0000000000000000000000000000
0000000000111111000000000000
0000000001111111110000000000
0000000001111111111000000000
0000000001110000111000000000
0000000001100000111000000000
0000000001100000011000000000
0000000011100000111000000000
0000000011100001110000000000
0000000011111111110000000000
0000000011111111100000000000
0000000011111100000000000000
0000000011000000000000000000
0000000111000000000000000000
0000000111000000000000000000
0000000111000000000000000000
0000000110000000000000000000
0000000110000000000000000000
0000000000000000000000000000
0000000000000000000000000000
0000000000000000000000000000
0000000000000000000000000000
0000000000000000000000000000
0000000000000000000000000000
0000000000000000000000000000
