0000000000000000000000000000
0000000000000000000000000000
0000000000000000000000000000
0000000000000000000000000000
0000001100000000111000000000
0000001100000001110000000000
0000001100000011100000000000
0000001100000111000000000000
0000001100001110000000000000
0000001100011100000000000000
0000001100111000000000000000
0000001101111000000000000000
0000001111111100000000000000
0000001111001110000000000000
0000001110000110000000000000
0000001100000011000000000000
0000001100000011100000000000
0000001100000001110000000000
0000001100000000110000000000
0000001100000000111000000000
0000001100000000011100000000
0000000000000000000000000000
0000000000000000000000000000
0000000000000000000000000000
0000000000000000000000000000
0000000000000000000000000000
0000000000000000000000000000
0000000000000000000000000000
